Time Elapsed (s),Fx (N),Fy (N),Fz (N),Tx (Nm),Ty (Nm),Tz (Nm)
0.004000186920166016,-3.775657,-1.310162,-12.306062,0.058993,-0.030511,0.081316
0.019999980926513672,-3.687203,-1.283745,-12.299579,0.059714,-0.029296,0.081283
0.02200007438659668,-3.668329,-1.270773,-12.313163,0.058964,-0.028985,0.080672
0.026000022888183594,-3.650807,-1.279783,-12.312318,0.058385,-0.028307,0.081128
0.029000043869018555,-3.619921,-1.253687,-12.297291,0.058179,-0.028507,0.08051
0.03299999237060547,-3.593865,-1.261596,-12.300912,0.058033,-0.02763,0.080533
0.037000179290771484,-3.577246,-1.254318,-12.310062,0.05809,-0.027503,0.080603
0.04200005531311035,-3.57556,-1.24036,-12.307498,0.058346,-0.027145,0.080358
0.046000003814697266,-3.561671,-1.254244,-12.306039,0.058029,-0.026836,0.080609
0.05000019073486328,-3.533975,-1.261622,-12.287055,0.058214,-0.026915,0.081113
0.054000139236450195,-3.544502,-1.254921,-12.287709,0.058717,-0.027041,0.080929
0.05800008773803711,-3.541417,-1.277559,-12.279637,0.058684,-0.027225,0.081695
0.06200003623962402,-3.560877,-1.292228,-12.280018,0.059618,-0.027488,0.082254
0.06599998474121094,-3.553426,-1.305004,-12.276502,0.059764,-0.028407,0.082345
0.0710000991821289,-3.578918,-1.34123,-12.274971,0.060645,-0.028527,0.083023
0.07500004768371582,-3.610972,-1.357458,-12.282864,0.060889,-0.029167,0.082804
0.07899999618530273,-3.616153,-1.378877,-12.267641,0.060683,-0.030094,0.082429
0.08300018310546875,-3.649421,-1.388825,-12.28198,0.06104,-0.030362,0.082411
0.08700013160705566,-3.646492,-1.375507,-12.261718,0.061496,-0.030909,0.08275
0.09200000762939453,-3.663157,-1.379233,-12.261803,0.061194,-0.030747,0.08221
0.09599995613098145,-3.666647,-1.368936,-12.261859,0.061408,-0.030582,0.082111
0.10000014305114746,-3.657684,-1.355982,-12.231794,0.060684,-0.031019,0.081639
0.10400009155273438,-3.659709,-1.343431,-12.246261,0.060198,-0.030534,0.080929
0.10800004005432129,-3.663859,-1.323536,-12.229102,0.059901,-0.030235,0.080991
0.11300015449523926,-3.673235,-1.311265,-12.20674,0.059758,-0.030298,0.08071
0.11700010299682617,-3.708557,-1.296029,-12.183312,0.059739,-0.031009,0.080523
0.12100005149841309,-3.731317,-1.281254,-12.161672,0.05982,-0.031544,0.080372
0.125,-3.768901,-1.281236,-12.145889,0.059445,-0.032522,0.080211
0.12900018692016602,-3.801611,-1.271633,-12.135495,0.059598,-0.032773,0.080009
0.13300013542175293,-3.846505,-1.27004,-12.104481,0.059241,-0.033696,0.080369
0.1380000114440918,-3.885957,-1.280352,-12.093779,0.058996,-0.034276,0.080959
0.1419999599456787,-3.923982,-1.258999,-12.06952,0.059252,-0.034791,0.080688
0.14600014686584473,-3.967956,-1.242264,-12.050437,0.059627,-0.035018,0.081162
0.15000009536743164,-3.979455,-1.251803,-12.045121,0.059139,-0.035307,0.081576
0.1549999713897705,-4.015424,-1.249626,-12.03138,0.059164,-0.035799,0.081531
0.15900015830993652,-4.027141,-1.253931,-12.016565,0.05871,-0.03565,0.081525
0.16300010681152344,-4.028148,-1.254568,-11.98254,0.058852,-0.035611,0.081132
0.16700005531311035,-4.018027,-1.248567,-11.963916,0.058672,-0.035586,0.08119
0.17100000381469727,-4.008415,-1.241624,-11.948743,0.058672,-0.035305,0.081494
0.17500019073486328,-3.995428,-1.224463,-11.956187,0.058597,-0.034754,0.080903
0.1790001392364502,-3.974402,-1.240164,-11.936595,0.058687,-0.034638,0.08043
0.1830000877380371,-3.970731,-1.246031,-11.941978,0.058671,-0.033665,0.080166
0.18700003623962402,-3.953914,-1.238914,-11.933745,0.059419,-0.033429,0.080581
0.192000150680542,-3.93366,-1.259888,-11.955348,0.059322,-0.032639,0.080346
0.19700002670288086,-3.91503,-1.263299,-11.943289,0.059236,-0.032444,0.079725
0.20099997520446777,-3.895445,-1.266937,-11.953651,0.059271,-0.031924,0.079972
0.2050001621246338,-3.88747,-1.275233,-11.95958,0.059407,-0.032077,0.078993
0.2090001106262207,-3.881739,-1.283843,-11.962276,0.059727,-0.03154,0.079101
0.21300005912780762,-3.871877,-1.295778,-11.960208,0.06022,-0.031459,0.079068
0.21700000762939453,-3.871874,-1.306189,-11.938403,0.060113,-0.031738,0.079544
0.22099995613098145,-3.894451,-1.310742,-11.958856,0.060331,-0.031823,0.079024
0.22500014305114746,-3.890297,-1.326158,-11.952644,0.060985,-0.032201,0.07862
0.22900009155273438,-3.894428,-1.340444,-11.932764,0.060675,-0.032423,0.078472
0.2330000400543213,-3.893171,-1.314865,-11.949308,0.06043,-0.032874,0.078539
0.23800015449523926,-3.886151,-1.31513,-11.895438,0.060303,-0.032244,0.078836
0.24300003051757812,-3.876131,-1.307363,-11.895476,0.059682,-0.032399,0.078805
0.24699997901916504,-3.853448,-1.288778,-11.895524,0.059917,-0.032649,0.078901
0.25100016593933105,-3.853693,-1.264238,-11.872636,0.059284,-0.031727,0.079294
0.25500011444091797,-3.861234,-1.241458,-11.858925,0.059115,-0.031966,0.079782
0.2590000629425049,-3.850628,-1.230693,-11.84792,0.058623,-0.031519,0.079653
0.2630000114440918,-3.825948,-1.19186,-11.838213,0.058423,-0.031258,0.079965
0.2669999599456787,-3.815593,-1.186365,-11.833233,0.058189,-0.03132,0.079752
0.2710001468658447,-3.808533,-1.174414,-11.815099,0.05764,-0.031043,0.080493
0.27500009536743164,-3.782781,-1.154457,-11.804521,0.057421,-0.031267,0.080372
0.2799999713897705,-3.769427,-1.132632,-11.793454,0.057101,-0.031021,0.080846
0.2840001583099365,-3.752897,-1.131792,-11.800554,0.057259,-0.03035,0.080982
0.2890000343322754,-3.73491,-1.129143,-11.777218,0.057333,-0.031078,0.080904
0.2929999828338623,-3.732634,-1.127966,-11.785103,0.057316,-0.030752,0.081201
0.2970001697540283,-3.740924,-1.136315,-11.774429,0.05818,-0.030331,0.081564
0.30100011825561523,-3.732398,-1.149608,-11.791902,0.058062,-0.030663,0.081762
0.30500006675720215,-3.737099,-1.165388,-11.785246,0.058671,-0.031479,0.081928
0.30900001525878906,-3.729888,-1.178737,-11.807732,0.059254,-0.030953,0.082586
0.312999963760376,-3.735002,-1.195662,-11.796201,0.059267,-0.031088,0.082166
0.317000150680542,-3.754283,-1.190455,-11.793264,0.05958,-0.031396,0.082397
0.32000017166137695,-3.740971,-1.190645,-11.799003,0.05955,-0.031558,0.08209
0.3259999752044678,-3.736216,-1.192121,-11.772689,0.059193,-0.031051,0.082217
0.3300001621246338,-3.728015,-1.16558,-11.767854,0.059029,-0.031335,0.081856
0.3340001106262207,-3.733499,-1.151106,-11.760341,0.058796,-0.03091,0.081811
0.3380000591278076,-3.71714,-1.131582,-11.755223,0.058529,-0.031349,0.081212
0.3430001735687256,-3.732844,-1.122238,-11.74971,0.058175,-0.030936,0.082192
0.3470001220703125,-3.709277,-1.101743,-11.737054,0.05807,-0.031046,0.081966
0.3510000705718994,-3.715986,-1.086339,-11.718186,0.057554,-0.030595,0.081713
0.35500001907348633,-3.7065,-1.070156,-11.691298,0.057341,-0.030804,0.082016
0.35899996757507324,-3.695582,-1.050158,-11.691234,0.056909,-0.030678,0.081356
0.3619999885559082,-3.709706,-1.024923,-11.661613,0.056505,-0.03078,0.081238
0.3660001754760742,-3.68524,-1.011561,-11.660509,0.056432,-0.030779,0.08133
0.37000012397766113,-3.680916,-1.016439,-11.655742,0.056767,-0.030464,0.080218
0.37600016593933105,-3.658412,-1.032673,-11.645564,0.056713,-0.030229,0.079559
0.38000011444091797,-3.642671,-1.024634,-11.655258,0.057015,-0.029896,0.080139
0.3840000629425049,-3.643087,-1.030662,-11.650114,0.057111,-0.029474,0.080103
0.38900017738342285,-3.636378,-1.036239,-11.64538,0.056918,-0.029214,0.079808
0.39300012588500977,-3.6485,-1.049959,-11.648118,0.057841,-0.029443,0.080505
0.3970000743865967,-3.64903,-1.06877,-11.621375,0.057894,-0.029699,0.080759
0.4010000228881836,-3.661344,-1.098545,-11.615832,0.058522,-0.030019,0.081413
0.40400004386901855,-3.690199,-1.10761,-11.62927,0.058915,-0.029808,0.081709
0.40799999237060547,-3.722476,-1.130421,-11.621496,0.059656,-0.030589,0.082339
0.4120001792907715,-3.742042,-1.142305,-11.635896,0.060359,-0.031453,0.082714
0.4160001277923584,-3.772524,-1.147491,-11.658029,0.060447,-0.032023,0.083139
0.4200000762939453,-3.814109,-1.150276,-11.624501,0.060566,-0.032219,0.083601
0.42600011825561523,-3.831845,-1.142174,-11.626061,0.060364,-0.033109,0.084466
0.43000006675720215,-3.864976,-1.126637,-11.607795,0.059796,-0.033497,0.08546
0.43400001525878906,-3.874798,-1.131025,-11.637038,0.059703,-0.033228,0.085218
0.43900012969970703,-3.905523,-1.100445,-11.622579,0.059783,-0.03339,0.085262
0.44300007820129395,-3.91256,-1.09281,-11.632379,0.05897,-0.033825,0.085483
0.4460000991821289,-3.922825,-1.073757,-11.623145,0.058961,-0.034059,0.085171
0.4500000476837158,-3.923636,-1.070917,-11.621057,0.057783,-0.034445,0.08546
0.45399999618530273,-3.958508,-1.037196,-11.603427,0.057905,-0.034058,0.085303
0.45800018310546875,-3.961715,-1.017693,-11.575247,0.057383,-0.034854,0.084807
0.46200013160705566,-3.966801,-1.011517,-11.565324,0.057125,-0.034826,0.084583
0.4660000801086426,-3.983291,-1.002992,-11.533974,0.056541,-0.035218,0.083835
0.4700000286102295,-4.000241,-0.99765,-11.520862,0.05666,-0.034937,0.083857
0.4739999771118164,-4.003442,-1.013203,-11.485272,0.056688,-0.035157,0.083676
0.48000001907348633,-4.012229,-1.014225,-11.428611,0.056444,-0.035374,0.08275
0.48399996757507324,-4.014521,-1.043383,-11.428269,0.056966,-0.034424,0.082793
0.4869999885559082,-4.000123,-1.053397,-11.413216,0.057221,-0.034424,0.082151
0.49200010299682617,-3.992036,-1.079241,-11.3934,0.057926,-0.034294,0.082167
0.4960000514984131,-3.981374,-1.099162,-11.368749,0.057601,-0.034229,0.081953
0.5,-3.977506,-1.11806,-11.385031,0.057992,-0.03403,0.081598
0.504000186920166,-3.962556,-1.129652,-11.361159,0.058542,-0.033148,0.081426
0.5080001354217529,-3.946156,-1.139097,-11.341578,0.058827,-0.033678,0.080962
0.5120000839233398,-3.950129,-1.15464,-11.349708,0.058765,-0.033144,0.080454
0.5160000324249268,-3.941967,-1.135626,-11.329938,0.058904,-0.032065,0.079707
0.5199999809265137,-3.943074,-1.143542,-11.329131,0.058484,-0.031876,0.079366
0.5260000228881836,-3.934111,-1.145423,-11.34102,0.059175,-0.03192,0.078947
0.5290000438690186,-3.932871,-1.144223,-11.34199,0.058554,-0.032006,0.078488
0.5329999923706055,-3.936615,-1.144552,-11.333083,0.058623,-0.032231,0.078235
0.5370001792907715,-3.952749,-1.157009,-11.340431,0.058883,-0.032289,0.078878
0.5420000553131104,-3.975787,-1.153985,-11.340618,0.059234,-0.032639,0.07739
0.5460000038146973,-3.968598,-1.181822,-11.329468,0.059344,-0.0331,0.077046
0.5500001907348633,-3.993327,-1.192814,-11.340766,0.059122,-0.032767,0.077042
0.5540001392364502,-4.003632,-1.194187,-11.333526,0.059659,-0.033342,0.07682
0.5580000877380371,-4.001263,-1.213437,-11.335921,0.059735,-0.033424,0.076332
0.562000036239624,-4.011184,-1.214914,-11.33626,0.060079,-0.033479,0.076618
0.5659999847412109,-4.025218,-1.242342,-11.343464,0.059942,-0.033946,0.076107
0.5710000991821289,-4.00283,-1.236054,-11.341224,0.060199,-0.033811,0.076775
0.5750000476837158,-4.01253,-1.219293,-11.303037,0.059996,-0.033906,0.076524
0.5789999961853027,-4.009485,-1.242087,-11.290668,0.060166,-0.033723,0.077191
0.5830001831054688,-3.99838,-1.229267,-11.290155,0.059581,-0.033509,0.077548
0.5870001316070557,-3.992859,-1.214155,-11.299929,0.05958,-0.032902,0.077946
0.5920000076293945,-3.975945,-1.203789,-11.258194,0.059384,-0.033551,0.07807
0.5959999561309814,-3.99184,-1.201093,-11.245192,0.059082,-0.033167,0.078704
0.6000001430511475,-3.976592,-1.187189,-11.259395,0.059181,-0.033137,0.07915
0.6040000915527344,-3.969111,-1.19012,-11.239474,0.059163,-0.033266,0.079434
0.6080000400543213,-3.987864,-1.179945,-11.250501,0.058875,-0.032863,0.079643
0.6130001544952393,-3.984561,-1.183456,-11.235048,0.059139,-0.033298,0.080343
0.6170001029968262,-3.966737,-1.162021,-11.219324,0.059413,-0.033767,0.08083
0.6210000514984131,-3.998857,-1.175818,-11.199899,0.059027,-0.033619,0.080335
0.625,-4.011789,-1.185492,-11.204028,0.059442,-0.033256,0.080626
0.629000186920166,-4.011163,-1.190162,-11.209342,0.059942,-0.0333,0.080863
0.6330001354217529,-4.007616,-1.177821,-11.21521,0.059993,-0.033312,0.081124
0.6380000114440918,-4.015652,-1.164261,-11.217093,0.059948,-0.03414,0.081236
0.6419999599456787,-4.045029,-1.14158,-11.19412,0.059327,-0.034307,0.081017
0.6460001468658447,-4.045902,-1.119558,-11.187982,0.059424,-0.035006,0.081301
0.6500000953674316,-4.068747,-1.121662,-11.19045,0.058997,-0.035234,0.081046
0.6549999713897705,-4.086103,-1.106081,-11.183298,0.058789,-0.035649,0.081617
0.6590001583099365,-4.08813,-1.101224,-11.151308,0.058266,-0.03543,0.082084
0.6630001068115234,-4.072016,-1.096398,-11.156489,0.058545,-0.035152,0.08209
0.6670000553131104,-4.080211,-1.093619,-11.136592,0.057904,-0.034618,0.082662
0.6710000038146973,-4.071292,-1.070353,-11.12507,0.057772,-0.035071,0.083193
0.6750001907348633,-4.076954,-1.04548,-11.109985,0.057835,-0.034995,0.082629
0.6790001392364502,-4.088502,-1.052825,-11.088599,0.057243,-0.035275,0.082361
0.6830000877380371,-4.076676,-1.051305,-11.070773,0.057648,-0.035245,0.081362
0.687999963760376,-4.074893,-1.044275,-11.062856,0.057926,-0.034985,0.081669
0.693000078201294,-4.069472,-1.052663,-11.044808,0.057467,-0.034019,0.081071
0.6970000267028809,-4.059439,-1.034877,-11.02634,0.057874,-0.033414,0.082112
0.7009999752044678,-4.033755,-1.032854,-11.007255,0.057702,-0.033145,0.081347
0.7050001621246338,-4.032812,-1.052358,-10.991017,0.058449,-0.033085,0.081485
0.7090001106262207,-4.028142,-1.060119,-10.975912,0.058088,-0.033423,0.081482
0.7130000591278076,-4.0305,-1.04679,-10.959096,0.058263,-0.033035,0.081256
0.7170000076293945,-4.023054,-1.04081,-10.974634,0.05815,-0.032979,0.081528
0.7209999561309814,-4.034512,-1.022202,-10.969612,0.058046,-0.032742,0.081389
0.7250001430511475,-4.03581,-1.026768,-10.945091,0.058065,-0.032796,0.081753
0.7290000915527344,-4.038433,-1.006158,-10.934977,0.057691,-0.032968,0.08131
0.7339999675750732,-4.044654,-0.995517,-10.946332,0.05776,-0.033384,0.081991
0.7390000820159912,-4.059543,-0.993208,-10.909724,0.05726,-0.033984,0.081865
0.7430000305175781,-4.072232,-0.975825,-10.91892,0.057227,-0.034125,0.081767
0.746999979019165,-4.079714,-0.981405,-10.918207,0.057111,-0.03454,0.081407
0.751000165939331,-4.08052,-0.950261,-10.902546,0.057166,-0.03498,0.081621
0.755000114440918,-4.092672,-0.938816,-10.915887,0.056905,-0.034818,0.081893
0.7590000629425049,-4.092552,-0.959079,-10.90215,0.056456,-0.035139,0.082237
0.7630000114440918,-4.083472,-0.932579,-10.893007,0.056655,-0.035671,0.082455
0.7669999599456787,-4.099573,-0.919603,-10.893989,0.056594,-0.035428,0.082111
0.7710001468658447,-4.085627,-0.911004,-10.884484,0.056491,-0.035236,0.082457
0.7760000228881836,-4.092225,-0.897436,-10.879841,0.057101,-0.035231,0.082072
0.7780001163482666,-4.090253,-0.913783,-10.869275,0.056745,-0.03551,0.082457
0.7840001583099365,-4.090502,-0.91179,-10.863956,0.056893,-0.034822,0.081479
0.7890000343322754,-4.104992,-0.901113,-10.829111,0.057063,-0.034798,0.081918
0.7929999828338623,-4.105173,-0.897978,-10.831898,0.056933,-0.034285,0.0811
0.7970001697540283,-4.090319,-0.888411,-10.830553,0.057101,-0.03403,0.080761
0.8010001182556152,-4.074333,-0.884305,-10.826969,0.056719,-0.034387,0.079917
0.8050000667572021,-4.078613,-0.875408,-10.811344,0.056844,-0.034304,0.079607
0.8090000152587891,-4.067872,-0.862794,-10.828659,0.056414,-0.034449,0.079232
0.812999963760376,-4.048313,-0.855736,-10.813394,0.056379,-0.034072,0.078821
0.817000150680542,-4.040001,-0.850367,-10.811862,0.056322,-0.033927,0.078982
0.8220000267028809,-4.010536,-0.821683,-10.811913,0.056197,-0.033795,0.078797
0.8259999752044678,-4.00805,-0.823649,-10.802683,0.056262,-0.033695,0.079111
0.8280000686645508,-3.996887,-0.822221,-10.782634,0.056297,-0.033591,0.079455
0.8350000381469727,-3.977766,-0.802343,-10.775545,0.055961,-0.032827,0.07914
0.8389999866485596,-3.976418,-0.775776,-10.778076,0.055882,-0.032664,0.079132
0.8430001735687256,-3.95125,-0.765351,-10.790798,0.054933,-0.032679,0.079883
0.8470001220703125,-3.950238,-0.742824,-10.802428,0.054903,-0.032674,0.080186
0.8510000705718994,-3.940577,-0.718047,-10.826282,0.054627,-0.033219,0.080859
0.8550000190734863,-3.959489,-0.699567,-10.837212,0.054481,-0.032913,0.081341
0.8589999675750732,-3.955974,-0.69988,-10.838604,0.054437,-0.033546,0.082235
0.8619999885559082,-3.963206,-0.671145,-10.868898,0.054787,-0.033992,0.082282
0.8660001754760742,-3.978744,-0.664664,-10.885197,0.05471,-0.033834,0.083343
0.8700001239776611,-3.987671,-0.651003,-10.870964,0.054567,-0.034218,0.084098
0.874000072479248,-3.980378,-0.616199,-10.854704,0.05503,-0.034619,0.084443
0.878000020980835,-3.991528,-0.611951,-10.859712,0.053764,-0.034738,0.084555
0.8840000629425049,-4.000643,-0.571284,-10.842749,0.054071,-0.034696,0.084022
0.8890001773834229,-4.007383,-0.560987,-10.83633,0.053024,-0.034582,0.083418
0.8930001258850098,-3.982381,-0.51188,-10.82346,0.053363,-0.034376,0.082452
0.8970000743865967,-3.957539,-0.490201,-10.833642,0.052512,-0.033574,0.082815
0.9010000228881836,-3.951176,-0.479333,-10.79807,0.05204,-0.033537,0.081471
0.9040000438690186,-3.962862,-0.456716,-10.82685,0.051684,-0.03279,0.081673
0.9079999923706055,-3.941716,-0.428701,-10.812507,0.051622,-0.032807,0.081352
0.9120001792907715,-3.930256,-0.413155,-10.803477,0.051396,-0.032622,0.080555
0.9160001277923584,-3.924003,-0.395621,-10.788329,0.051336,-0.032613,0.080276
0.9200000762939453,-3.913032,-0.393157,-10.800314,0.051105,-0.032884,0.08027
0.9260001182556152,-3.903149,-0.383298,-10.805091,0.051025,-0.032297,0.080155
0.9279999732971191,-3.905237,-0.378827,-10.803436,0.050758,-0.032073,0.080592
0.9350001811981201,-3.895176,-0.359142,-10.803417,0.051751,-0.032188,0.080545
0.939000129699707,-3.904642,-0.37391,-10.800178,0.05153,-0.031726,0.08026
0.942000150680542,-3.897387,-0.36846,-10.790726,0.051754,-0.032261,0.08059
0.9460000991821289,-3.896282,-0.368895,-10.793257,0.051296,-0.032472,0.080781
0.9500000476837158,-3.907531,-0.362512,-10.779603,0.051499,-0.032683,0.081113
0.9539999961853027,-3.923178,-0.351442,-10.801725,0.051684,-0.032761,0.081333
0.9580001831054688,-3.899665,-0.374746,-10.81688,0.052087,-0.033379,0.081186
0.9620001316070557,-3.909923,-0.398869,-10.822412,0.052772,-0.032638,0.083137
0.9660000801086426,-3.917897,-0.419361,-10.833618,0.053144,-0.033002,0.083715
0.9700000286102295,-3.919332,-0.427653,-10.836387,0.053639,-0.033295,0.084717
0.9739999771118164,-3.922217,-0.426715,-10.856707,0.054601,-0.033125,0.085089
0.9800000190734863,-3.954077,-0.446232,-10.850106,0.054274,-0.033468,0.085248
0.9830000400543213,-3.948505,-0.43837,-10.855174,0.054515,-0.034056,0.084947
0.9880001544952393,-3.964466,-0.424854,-10.869492,0.054619,-0.034006,0.085529
0.9920001029968262,-3.981765,-0.42578,-10.880532,0.054111,-0.034316,0.084496
0.9960000514984131,-4.009141,-0.40467,-10.873237,0.053968,-0.034617,0.084731
1.0,-4.010213,-0.398294,-10.873485,0.053585,-0.035042,0.084367
1.004000186920166,-4.014945,-0.397236,-10.877632,0.05335,-0.034563,0.083405
1.008000135421753,-4.002614,-0.379921,-10.860908,0.05338,-0.034661,0.082142
1.0120000839233398,-3.996863,-0.368586,-10.845242,0.05264,-0.034455,0.081502
1.0160000324249268,-4.011775,-0.358775,-10.840272,0.052518,-0.034318,0.080927
1.0199999809265137,-4.006521,-0.350666,-10.815007,0.051792,-0.034676,0.080051
1.0250000953674316,-4.017084,-0.321245,-10.798161,0.051875,-0.034196,0.079045
1.0290000438690186,-4.018078,-0.317888,-10.766397,0.051287,-0.03434,0.078735
1.0340001583099365,-4.014871,-0.311934,-10.757699,0.050776,-0.033596,0.07851
1.0380001068115234,-4.020007,-0.275196,-10.738358,0.050137,-0.034264,0.077822
1.0420000553131104,-4.025706,-0.234043,-10.719921,0.050101,-0.034203,0.077812
1.0460000038146973,-4.050087,-0.21077,-10.722502,0.049474,-0.034235,0.077403
1.0500001907348633,-4.050446,-0.201712,-10.712546,0.04876,-0.034437,0.076847
1.0540001392364502,-4.059377,-0.192967,-10.690916,0.048698,-0.034603,0.077295
1.058000087738037,-4.072086,-0.181115,-10.66133,0.048605,-0.034398,0.077261
1.062000036239624,-4.080738,-0.178631,-10.674102,0.048526,-0.034262,0.077585
1.067000150680542,-4.099542,-0.1744,-10.651392,0.049093,-0.03462,0.078193
1.071000099182129,-4.124003,-0.177656,-10.661644,0.048977,-0.035177,0.078432
1.0750000476837158,-4.140118,-0.17561,-10.685159,0.049499,-0.03524,0.079359
1.0789999961853027,-4.16331,-0.182896,-10.697555,0.049849,-0.035487,0.079845
1.0840001106262207,-4.15468,-0.203239,-10.67676,0.05067,-0.035934,0.081146
1.0880000591278076,-4.190394,-0.213589,-10.722783,0.050816,-0.035985,0.081968
1.0920000076293945,-4.199754,-0.230964,-10.735081,0.051117,-0.036344,0.082207
1.0959999561309814,-4.200856,-0.241235,-10.72227,0.051357,-0.036646,0.082425
1.1000001430511475,-4.204377,-0.236269,-10.748052,0.052093,-0.036945,0.083121
1.1040000915527344,-4.220297,-0.242427,-10.754303,0.051649,-0.036698,0.083519
1.1089999675750732,-4.184518,-0.244498,-10.752978,0.051169,-0.036547,0.083944
1.1130001544952393,-4.192605,-0.225772,-10.740093,0.051691,-0.036478,0.083551
1.1170001029968262,-4.159163,-0.209123,-10.747465,0.051265,-0.036358,0.083501
1.121000051498413,-4.162159,-0.203575,-10.712109,0.05098,-0.035827,0.08308
1.125,-4.147491,-0.20608,-10.698622,0.050554,-0.035786,0.082828
1.129000186920166,-4.11551,-0.188858,-10.676925,0.050191,-0.035319,0.081886
1.1340000629425049,-4.114844,-0.163,-10.680645,0.049627,-0.035207,0.081957
1.1380000114440918,-4.103138,-0.158228,-10.677446,0.049273,-0.034702,0.082237
1.1419999599456787,-4.089579,-0.142768,-10.684193,0.049205,-0.034657,0.081812
1.1460001468658447,-4.085125,-0.125461,-10.679149,0.048724,-0.034585,0.08223
1.1510000228881836,-4.114616,-0.134773,-10.68358,0.048624,-0.034553,0.082084
1.1549999713897705,-4.128871,-0.137034,-10.674208,0.048784,-0.03505,0.081717
1.1590001583099365,-4.137183,-0.158867,-10.671099,0.049518,-0.035694,0.081915
1.1630001068115234,-4.155438,-0.191204,-10.655622,0.049518,-0.035633,0.081428
1.1670000553131104,-4.155496,-0.205394,-10.643301,0.050107,-0.03588,0.081591
1.1710000038146973,-4.180054,-0.237465,-10.631324,0.050487,-0.036121,0.081212
1.1760001182556152,-4.17072,-0.248737,-10.643877,0.051461,-0.035898,0.081107
1.1800000667572021,-4.16854,-0.285186,-10.641756,0.051859,-0.03594,0.080951
1.184000015258789,-4.158429,-0.302656,-10.643258,0.052632,-0.035678,0.079749
1.187999963760376,-4.134422,-0.333467,-10.655789,0.052739,-0.035129,0.079432
1.193000078201294,-4.11306,-0.365366,-10.677523,0.053736,-0.034818,0.079273
1.1970000267028809,-4.0946,-0.395238,-10.676639,0.054119,-0.034199,0.080066
1.2009999752044678,-4.060757,-0.407783,-10.704298,0.054299,-0.033936,0.080661
1.2050001621246338,-4.031848,-0.430822,-10.693834,0.054779,-0.033497,0.080497
1.2090001106262207,-4.014444,-0.458032,-10.688206,0.055613,-0.032785,0.081363
1.2130000591278076,-3.98388,-0.461591,-10.687874,0.055917,-0.032494,0.081689
1.2170000076293945,-3.970732,-0.48514,-10.683636,0.055304,-0.032603,0.082008
1.2209999561309814,-3.967159,-0.477239,-10.683352,0.055038,-0.032285,0.082355
1.2250001430511475,-3.948737,-0.451569,-10.679313,0.054855,-0.032392,0.081977
1.2300000190734863,-3.951063,-0.432221,-10.674274,0.054231,-0.032627,0.081902
1.2330000400543213,-3.946869,-0.434902,-10.675169,0.053804,-0.032633,0.081944
1.2390000820159912,-3.96083,-0.397519,-10.63345,0.053126,-0.032726,0.081708
1.2430000305175781,-3.978549,-0.378599,-10.64758,0.05263,-0.03347,0.081566
1.246999979019165,-4.014688,-0.357657,-10.626804,0.052973,-0.033766,0.080846
1.251000165939331,-4.022859,-0.357014,-10.617913,0.052306,-0.03393,0.081216
1.255000114440918,-4.037228,-0.376084,-10.611158,0.052658,-0.034729,0.08122
1.2590000629425049,-4.065283,-0.387166,-10.582563,0.052354,-0.03512,0.081062
1.2630000114440918,-4.068038,-0.398956,-10.547091,0.052969,-0.035576,0.081382
1.2669999599456787,-4.072556,-0.403817,-10.543831,0.053189,-0.0361,0.080415
1.2710001468658447,-4.090988,-0.419621,-10.53061,0.053456,-0.035905,0.080577
1.2750000953674316,-4.080818,-0.419623,-10.533795,0.053296,-0.0358,0.080225
1.2790000438690186,-4.074257,-0.428243,-10.535849,0.053394,-0.035528,0.079819
1.2829999923706055,-4.033839,-0.42632,-10.527765,0.053711,-0.035116,0.079577
1.2890000343322754,-4.009067,-0.420948,-10.517338,0.053705,-0.034209,0.07913
1.2929999828338623,-3.963776,-0.403048,-10.506148,0.053248,-0.034191,0.078766
1.2970001697540283,-3.943033,-0.399542,-10.494819,0.052624,-0.03336,0.078519
1.3010001182556152,-3.925213,-0.373868,-10.48073,0.052422,-0.032773,0.078228
1.3050000667572021,-3.894222,-0.343186,-10.472439,0.052615,-0.03262,0.078447
1.309000015258789,-3.857287,-0.320563,-10.461658,0.052176,-0.03207,0.07869
1.312999963760376,-3.810188,-0.293973,-10.452364,0.051319,-0.031274,0.078834
1.315999984741211,-3.798848,-0.265557,-10.456653,0.050352,-0.030306,0.078881
1.320000171661377,-3.771099,-0.249511,-10.483497,0.049702,-0.030287,0.079842
1.3250000476837158,-3.75823,-0.22696,-10.50513,0.049509,-0.031015,0.080647
1.3289999961853027,-3.758292,-0.227299,-10.498319,0.050247,-0.030432,0.081412
1.3330001831054688,-3.763515,-0.246676,-10.496294,0.050446,-0.030742,0.081935
1.3370001316070557,-3.777187,-0.250467,-10.487466,0.050813,-0.030702,0.083108
1.3430001735687256,-3.802348,-0.287738,-10.43543,0.052164,-0.032227,0.0826
1.3470001220703125,-3.81056,-0.302996,-10.406034,0.053125,-0.032312,0.082699
1.3510000705718994,-3.82831,-0.307519,-10.409961,0.053239,-0.03276,0.081994
1.3550000190734863,-3.860272,-0.311884,-10.39116,0.05305,-0.032917,0.082132
1.3580000400543213,-3.85674,-0.305324,-10.372177,0.052879,-0.032558,0.081845
1.3619999885559082,-3.827755,-0.294616,-10.37424,0.053024,-0.033024,0.081782
1.3660001754760742,-3.813476,-0.277173,-10.353584,0.052505,-0.032654,0.081149
1.371000051498413,-3.801665,-0.261029,-10.34078,0.051953,-0.031979,0.08058
1.375,-3.791311,-0.232669,-10.336787,0.051917,-0.03159,0.080272
1.379000186920166,-3.756213,-0.209598,-10.320433,0.051366,-0.031011,0.079888
1.383000135421753,-3.747626,-0.184369,-10.302188,0.050912,-0.030548,0.079427
1.3890001773834229,-3.719786,-0.159495,-10.305625,0.05057,-0.030605,0.079375
1.3930001258850098,-3.71351,-0.151324,-10.309998,0.049616,-0.030271,0.079459
1.3970000743865967,-3.718438,-0.108622,-10.312346,0.049635,-0.030526,0.079345
1.4000000953674316,-3.713582,-0.094125,-10.309132,0.049637,-0.030689,0.079286
1.4040000438690186,-3.712987,-0.066131,-10.285556,0.04872,-0.030808,0.080145
1.4079999923706055,-3.704882,-0.040011,-10.307337,0.048754,-0.030457,0.080377
1.4120001792907715,-3.704073,-0.010122,-10.281824,0.04838,-0.031049,0.081332
1.4160001277923584,-3.711969,-0.031221,-10.279537,0.04772,-0.031268,0.081841
1.4200000762939453,-3.695091,-0.035788,-10.300334,0.048381,-0.030754,0.082463
1.4250001907348633,-3.707308,-0.042044,-10.28967,0.048541,-0.031111,0.082129
1.4290001392364502,-3.704999,-0.056483,-10.287494,0.048972,-0.031096,0.082599
1.433000087738037,-3.710515,-0.082068,-10.29868,0.049852,-0.031768,0.083027
1.437000036239624,-3.713345,-0.102983,-10.282312,0.050539,-0.031262,0.083217
1.442000150680542,-3.719904,-0.137804,-10.308974,0.051058,-0.031108,0.083002
1.446000099182129,-3.721423,-0.149207,-10.297676,0.051687,-0.030964,0.08231
1.4500000476837158,-3.710842,-0.175937,-10.293072,0.051588,-0.031403,0.082426
1.4539999961853027,-3.735576,-0.188374,-10.292161,0.052291,-0.030701,0.082032
1.4580001831054688,-3.700364,-0.180281,-10.29576,0.052413,-0.030604,0.082362
1.4620001316070557,-3.692178,-0.198498,-10.270106,0.053089,-0.030381,0.082662
1.4660000801086426,-3.702929,-0.179194,-10.255398,0.052843,-0.030459,0.082688
1.4700000286102295,-3.730753,-0.153802,-10.223233,0.052858,-0.030746,0.083057
1.4750001430511475,-3.757669,-0.140817,-10.21342,0.052083,-0.031421,0.083888
1.4790000915527344,-3.810293,-0.091271,-10.180436,0.051477,-0.032182,0.084019
1.4839999675750732,-3.872448,-0.059888,-10.153627,0.051038,-0.033418,0.085018
1.4880001544952393,-3.912114,-0.020697,-10.111668,0.050267,-0.034424,0.085765
1.4920001029968262,-3.966805,0.023237,-10.080694,0.049664,-0.035434,0.086713
1.496000051498413,-4.019062,0.088506,-10.059394,0.049014,-0.036337,0.087286
1.5,-4.056086,0.137638,-10.058549,0.048071,-0.036835,0.087183
1.504000186920166,-4.094565,0.207008,-10.09705,0.046686,-0.037639,0.086461
1.508000135421753,-4.102236,0.259752,-10.128584,0.045091,-0.037896,0.085631
1.5120000839233398,-4.094417,0.323206,-10.157113,0.04426,-0.037613,0.084941
1.5160000324249268,-4.081282,0.354476,-10.187036,0.043708,-0.037492,0.083437
1.5210001468658447,-4.059388,0.378471,-10.156039,0.043528,-0.036356,0.081916
1.5260000228881836,-4.026397,0.371875,-10.138912,0.043211,-0.03508,0.080688
1.5299999713897705,-3.986076,0.363932,-10.108428,0.044047,-0.033822,0.078742
1.5340001583099365,-3.952223,0.344246,-10.078871,0.044478,-0.032991,0.077253
1.5380001068115234,-3.899411,0.322233,-10.102881,0.045153,-0.032291,0.076556
1.5420000553131104,-3.869131,0.266212,-10.141826,0.045143,-0.030646,0.075754
1.5460000038146973,-3.838431,0.228681,-10.165089,0.046262,-0.029997,0.075215
1.5500001907348633,-3.829352,0.199281,-10.17651,0.047354,-0.029863,0.07523
1.5540001392364502,-3.829561,0.146546,-10.198102,0.047689,-0.030037,0.075556
1.558000087738037,-3.831859,0.116365,-10.194132,0.048463,-0.030426,0.076461
1.562000036239624,-3.851186,0.084856,-10.207888,0.049292,-0.031012,0.077497
1.567000150680542,-3.911328,0.059191,-10.242913,0.050044,-0.031996,0.079188
1.5720000267028809,-3.947544,0.034006,-10.26953,0.049626,-0.033447,0.080157
1.5759999752044678,-4.001329,0.03017,-10.29643,0.050063,-0.034368,0.080817
1.5800001621246338,-4.036325,0.024187,-10.326896,0.04982,-0.035367,0.081549
1.5840001106262207,-4.076284,0.029298,-10.350878,0.049673,-0.036735,0.082325
1.5880000591278076,-4.122354,0.041926,-10.403451,0.04923,-0.036826,0.083243
1.5920000076293945,-4.131846,0.055074,-10.409736,0.049055,-0.037506,0.083798
1.5959999561309814,-4.147105,0.04838,-10.425737,0.049153,-0.037639,0.084213
1.6000001430511475,-4.178467,0.044415,-10.437018,0.048181,-0.037757,0.083755
1.6040000915527344,-4.19484,0.038308,-10.455388,0.049014,-0.038301,0.084312
1.6089999675750732,-4.196453,0.010941,-10.470351,0.04931,-0.038632,0.083179
1.6130001544952393,-4.210692,0.007802,-10.494162,0.0493,-0.037942,0.082734
1.6170001029968262,-4.161047,0.013538,-10.49834,0.0489,-0.038286,0.082333
1.621000051498413,-4.153753,0.01366,-10.511688,0.04815,-0.037047,0.08082
1.626000165939331,-4.131304,0.024876,-10.509719,0.048075,-0.036089,0.080211
1.630000114440918,-4.08191,0.038996,-10.502731,0.047717,-0.034907,0.078939
1.6340000629425049,-4.035372,0.027136,-10.521313,0.048284,-0.034304,0.078308
1.6380000114440918,-3.990327,0.00939,-10.507478,0.048357,-0.033048,0.077993
1.6419999599456787,-3.949426,-0.007356,-10.528365,0.048549,-0.031702,0.078719
1.6460001468658447,-3.92478,-0.025306,-10.518933,0.048917,-0.03117,0.078159
1.6510000228881836,-3.911763,-0.042418,-10.505371,0.049168,-0.031113,0.078593
1.6549999713897705,-3.913083,-0.064605,-10.541827,0.049,-0.031158,0.078655
1.6590001583099365,-3.91731,-0.085544,-10.544294,0.049328,-0.031693,0.0789
1.6630001068115234,-3.932513,-0.11063,-10.566467,0.050096,-0.032061,0.078274
1.6670000553131104,-3.955499,-0.124593,-10.56914,0.050918,-0.032075,0.079238
1.6720001697540283,-3.97102,-0.143075,-10.57466,0.050685,-0.032948,0.079213
1.6760001182556152,-4.00146,-0.1454,-10.592615,0.050742,-0.033647,0.079966
1.6800000667572021,-4.022805,-0.136028,-10.607006,0.050783,-0.034182,0.080068
1.684000015258789,-4.045541,-0.138811,-10.628265,0.050769,-0.034526,0.080704
1.687999963760376,-4.04627,-0.144765,-10.61579,0.05093,-0.034445,0.08131
1.690999984741211,-4.049417,-0.135551,-10.619158,0.050625,-0.034693,0.08135
1.6970000267028809,-4.056495,-0.12681,-10.608966,0.050802,-0.034781,0.081864
1.7009999752044678,-4.058904,-0.102184,-10.594215,0.05055,-0.034227,0.081914
1.7050001621246338,-4.05698,-0.094534,-10.60179,0.050113,-0.034154,0.082583
1.7090001106262207,-4.059649,-0.057699,-10.573704,0.049711,-0.034487,0.082033
1.7130000591278076,-4.063186,-0.062596,-10.558141,0.049259,-0.034884,0.082379
1.7170000076293945,-4.069917,-0.040515,-10.549442,0.04953,-0.034912,0.082311
1.7220001220703125,-4.078267,-0.043947,-10.520867,0.049836,-0.035398,0.082729
1.7260000705718994,-4.065756,-0.015355,-10.5002,0.049593,-0.035385,0.082427
1.7300000190734863,-4.059311,0.009352,-10.485287,0.04877,-0.034945,0.082799
1.7330000400543213,-4.070018,0.044168,-10.430429,0.047625,-0.034716,0.082205
1.7369999885559082,-4.112732,0.094292,-10.434515,0.046284,-0.03499,0.081484
1.7410001754760742,-4.110741,0.151065,-10.437565,0.045708,-0.035834,0.081483
1.746999979019165,-4.142577,0.208334,-10.484482,0.045382,-0.035483,0.081102
1.751000165939331,-4.77049,0.44453,-10.793777,0.068998,0.073285,0.080017
1.755000114440918,-4.06946,0.265153,-10.759918,0.063041,0.0597,0.085629
1.7590000629425049,-3.736592,0.20407,-10.743465,0.055026,0.025384,0.084591
1.7630000114440918,-4.009171,0.314503,-10.81725,0.057272,0.021084,0.079417
1.7669999599456787,-4.0157,0.263161,-10.748774,0.055556,0.013423,0.077541
1.7720000743865967,-3.762834,0.137797,-10.544734,0.049669,-0.017595,0.077184
1.7750000953674316,-3.807374,0.08437,-10.480926,0.049059,-0.022801,0.075496
1.7790000438690186,-3.93575,0.071007,-10.634344,0.059224,-0.019175,0.073934
1.7829999923706055,-3.941772,0.087331,-11.158834,0.084285,-0.023204,0.075103
1.7870001792907715,-3.945641,0.022559,-11.611548,0.109538,-0.023115,0.076854
1.7910001277923584,-3.997956,-0.02729,-12.710474,0.127438,-0.024605,0.078321
1.7950000762939453,-4.199694,-0.131146,-13.09258,0.118117,0.004802,0.080003
1.8010001182556152,-3.929742,-0.200733,-13.99717,0.118145,-0.04147,0.082792
1.8050000667572021,-4.224892,-0.197035,-13.831243,0.111445,-0.02054,0.08241
1.809000015258789,-4.034766,-0.269827,-13.895,0.115897,-0.045871,0.084907
1.812999963760376,-4.077749,-0.348673,-13.905766,0.11712,-0.056273,0.08443
1.815999984741211,-4.179258,-0.365141,-14.29341,0.121943,-0.056836,0.084378
1.821000099182129,-4.132891,-0.41669,-14.391432,0.119427,-0.065207,0.085918
1.8250000476837158,-4.065139,-0.379373,-14.687193,0.122465,-0.080449,0.086288
1.8289999961853027,-4.153767,-0.361133,-14.683288,0.118399,-0.079384,0.086273
1.8330001831054688,-4.158835,-0.278035,-14.790297,0.119263,-0.080298,0.086773
1.8370001316070557,-4.129674,-0.313266,-14.895582,0.109935,-0.082916,0.087678
1.8410000801086426,-4.150551,-0.285743,-14.766156,0.098159,-0.077934,0.087378
1.8450000286102295,-4.119629,-0.239373,-14.655596,0.087712,-0.073663,0.087648
1.8510000705718994,-4.006243,-0.131431,-14.239748,0.076093,-0.071677,0.087595
1.8550000190734863,-3.938712,-0.058434,-13.821876,0.076159,-0.070433,0.08714
1.8580000400543213,-3.857778,-0.020587,-13.361232,0.076208,-0.070293,0.086868
1.8619999885559082,-3.805323,0.019832,-12.522377,0.079992,-0.067874,0.087051
1.8660001754760742,-3.762272,0.031593,-11.563863,0.086278,-0.062204,0.086892
1.871000051498413,-3.712951,0.006591,-10.697763,0.091116,-0.052705,0.087233
1.875,-3.664181,0.001384,-9.969612,0.094678,-0.038407,0.087361
1.879000186920166,-3.591331,0.036957,-9.444794,0.098518,-0.023659,0.08779
1.883000135421753,-3.479361,0.066039,-9.097895,0.101473,-0.00966,0.088079
1.8870000839233398,-3.403403,0.139743,-8.873337,0.10176,0.005196,0.087478
1.8910000324249268,-3.315465,0.229627,-8.794093,0.098872,0.019795,0.086422
1.8970000743865967,-3.199178,0.331982,-8.85082,0.087228,0.041576,0.084827
1.9000000953674316,-3.114418,0.381917,-8.940142,0.074169,0.051954,0.084073
1.9040000438690186,-3.036284,0.476773,-9.055188,0.057965,0.063978,0.082755
1.9079999923706055,-2.971655,0.622084,-9.249916,0.047899,0.072109,0.080786
1.9120001792907715,-2.961798,0.694924,-9.42898,0.035306,0.084896,0.079095
1.9170000553131104,-2.912634,0.735604,-9.610527,0.021389,0.093606,0.076202
1.9210000038146973,-2.97672,0.857308,-9.599902,0.016981,0.109077,0.074501
1.9250001907348633,-3.003937,0.840824,-9.728138,0.005698,0.130321,0.072692
1.9290001392364502,-2.645682,1.011108,-10.126262,0.026185,0.106197,0.074908
1.933000087738037,-2.598167,0.779166,-10.250855,0.018776,0.075253,0.073267
1.937999963760376,-3.252704,0.763373,-10.348648,0.008814,0.135571,0.07013
1.942000150680542,-2.776159,0.702732,-10.529653,0.011535,0.104913,0.073987
1.946000099182129,-2.741646,0.650315,-10.609813,0.028831,0.087103,0.074555
1.9500000476837158,-3.058494,0.409258,-10.870577,0.02095,0.102039,0.07305
1.9539999961853027,-3.135847,0.314574,-11.061106,0.030509,0.108611,0.074323
1.9580001831054688,-2.938227,0.184515,-11.218552,0.036938,0.083634,0.076918
1.9620001316070557,-3.082387,-0.001175,-11.451375,0.033147,0.078987,0.076884
1.9660000801086426,-3.510511,-0.291854,-11.499688,0.012841,0.110371,0.074544
1.9709999561309814,-3.293684,-0.292614,-11.703761,0.028528,0.087461,0.076871
1.9750001430511475,-3.261434,-0.507062,-11.860854,0.034809,0.061924,0.077351
1.9800000190734863,-3.597884,-0.739686,-12.053018,0.039727,0.063236,0.07566
1.9839999675750732,-3.619992,-0.910812,-12.221408,0.042161,0.05034,0.076618
1.9880001544952393,-3.641464,-0.945276,-12.447689,0.056489,0.036256,0.077544
1.9920001029968262,-3.754931,-0.991967,-12.568325,0.08524,0.029067,0.078262
1.996000051498413,-3.839469,-1.178939,-12.647819,0.101107,0.023229,0.079787
2.0,-3.895859,-1.380128,-12.643038,0.103893,0.019322,0.0802
2.004000186920166,-3.926152,-1.492288,-12.658731,0.10115,0.015589,0.079579
2.008000135421753,-3.920531,-1.616248,-12.648835,0.097851,0.003018,0.079149
2.01200008392334,-4.104776,-1.64964,-12.652936,0.099032,0.020358,0.077668
2.0169999599456787,-4.026932,-1.701593,-12.605844,0.099325,0.017075,0.077701
2.0220000743865967,-4.058902,-1.540267,-12.75368,0.128424,0.016935,0.076601
2.0260000228881836,-3.878884,-1.810976,-12.603052,0.094595,0.013468,0.074697
2.0299999713897705,-3.813158,-1.633996,-12.645459,0.095522,0.008459,0.072687
2.0340001583099365,-3.977251,-0.658619,-13.406686,0.263674,0.01839,0.074798
2.0380001068115234,-4.153976,-0.863692,-14.068836,0.369331,0.030412,0.077081
2.0420000553131104,-3.924671,-0.91542,-14.957526,0.498063,-0.020232,0.079798
2.0460000038146973,-4.152488,-1.625193,-15.040456,0.458409,-0.008385,0.079115
2.0500001907348633,-4.366075,-1.775727,-15.66414,0.448399,0.004887,0.07871
2.05400013923645,-4.316878,-2.015879,-16.008036,0.411257,-0.008054,0.080423
2.058000087738037,-4.669372,-1.729844,-17.468398,0.456747,0.013996,0.082981
2.062999963760376,-4.225722,-2.470954,-16.292586,0.374876,-0.039223,0.081689
2.067000150680542,-4.592678,-2.147215,-16.43817,0.394488,-0.037256,0.077201
2.072000026702881,-5.014411,-1.954106,-16.394793,0.436477,0.000885,0.076044
2.0759999752044678,-4.306286,-2.368712,-15.11559,0.401642,-0.072161,0.080171
2.080000162124634,-4.558355,-2.543494,-14.046906,0.373025,-0.064522,0.077326
2.0840001106262207,-4.889497,-2.284596,-13.773081,0.377397,-0.035957,0.076593
2.0880000591278076,-4.399664,-2.30531,-12.932422,0.357077,-0.068731,0.079623
2.0920000076293945,-4.566354,-2.083097,-12.881386,0.367059,-0.059235,0.079025
2.0959999561309814,-4.492358,-2.039436,-12.515404,0.346888,-0.054795,0.079992
2.1000001430511475,-4.595996,-1.694815,-12.73928,0.36036,-0.033547,0.080459
2.1050000190734863,-4.301164,-1.577022,-12.772816,0.346671,-0.02945,0.084909
2.1089999675750732,-4.310612,-1.326732,-13.222225,0.366344,-0.022339,0.085909
2.1130001544952393,-4.302667,-1.365545,-13.035025,0.359397,-0.010544,0.087436
2.118000030517578,-4.089904,-1.255843,-13.018382,0.357786,-0.026529,0.088935
2.121999979019165,-4.204566,-1.223435,-13.246205,0.34848,-0.01619,0.088074
2.126000165939331,-4.223684,-1.053783,-13.967704,0.34941,-0.000837,0.089657
2.130000114440918,-3.92037,-1.116569,-13.584232,0.306666,-0.011789,0.088725
2.134000062942505,-4.019614,-0.896045,-13.048949,0.295008,0.012068,0.082282
2.138000011444092,-3.714543,-1.018482,-12.309725,0.233338,0.008638,0.079872
2.1419999599456787,-3.423468,-0.730861,-11.142695,0.212258,-0.017286,0.081733
2.1470000743865967,-3.637636,-0.541333,-8.746032,0.197574,0.003804,0.078288
2.1510000228881836,-3.56376,-0.518479,-7.473588,0.191136,0.013443,0.078055
2.1549999713897705,-3.445512,-0.552219,-6.795885,0.169903,0.021445,0.077422
2.1590001583099365,-3.432352,-0.400969,-6.481862,0.157827,0.042337,0.076569
2.1630001068115234,-3.393389,-0.274828,-6.598031,0.139252,0.062987,0.077517
2.1679999828338623,-3.250649,-0.079012,-7.089433,0.123786,0.06862,0.079137
2.1720001697540283,-3.246554,0.118722,-7.413947,0.111083,0.080328,0.078899
2.1760001182556152,-3.210511,0.183296,-7.833424,0.084613,0.088176,0.077835
2.180000066757202,-3.168705,0.341972,-8.205055,0.06524,0.093165,0.076933
2.184000015258789,-3.112406,0.444027,-8.508802,0.053147,0.092016,0.076422
2.187000036239624,-3.012933,0.499447,-8.661168,0.050104,0.080678,0.075088
2.190999984741211,-3.101476,0.53852,-8.820863,0.044297,0.086481,0.073522
2.197000026702881,-3.0357,0.534653,-8.990678,0.037281,0.082811,0.072899
2.2009999752044678,-3.042657,0.383617,-9.19368,0.028301,0.078069,0.070892
2.205000162124634,-3.23929,0.478916,-9.462396,0.036446,0.098293,0.070716
2.2090001106262207,-2.962528,0.323225,-9.713556,0.028744,0.080748,0.072637
2.2130000591278076,-3.122316,0.194131,-9.838854,0.013753,0.085564,0.071561
2.2180001735687256,-3.268552,0.088186,-9.871763,0.008452,0.102662,0.070646
2.2220001220703125,-3.151228,-0.017681,-10.120898,0.003115,0.09851,0.071686
2.2260000705718994,-3.133342,0.111891,-10.188384,0.026166,0.093016,0.073545
2.2290000915527344,-3.06783,-0.011809,-10.469904,0.039595,0.078762,0.074614
2.2330000400543213,-3.290396,-0.290468,-10.557882,0.022836,0.094579,0.073472
2.236999988555908,-3.517809,-0.315166,-10.519059,0.028269,0.119145,0.07383
2.241000175476074,-3.28515,-0.424221,-10.281094,0.032628,0.103895,0.076907
2.245000123977661,-3.309798,-0.426638,-10.744184,0.061513,0.099178,0.077308
2.249000072479248,-3.348576,-0.518082,-11.14701,0.088854,0.081554,0.077861
2.255000114440918,-3.604122,-0.59282,-11.316162,0.139685,0.061588,0.077514
2.259000062942505,-3.78836,-0.702223,-11.472701,0.17141,0.067602,0.078722
2.263000011444092,-3.645382,-0.906517,-11.802351,0.197259,0.053407,0.081435
2.2680001258850098,-3.649374,-1.018475,-12.154223,0.237533,0.043622,0.082393
2.2710001468658447,-3.778651,-1.103719,-12.559884,0.265425,0.047089,0.083131
2.2750000953674316,-3.889037,-1.306226,-13.102169,0.285117,0.048104,0.082591
2.2790000438690186,-3.925126,-1.518088,-13.456841,0.282481,0.042153,0.081542
2.2829999923706055,-3.91677,-1.416581,-13.693743,0.304389,0.029786,0.079042
2.2870001792907715,-3.996475,-1.471538,-14.067961,0.324518,0.021768,0.07801
2.2910001277923584,-4.055244,-1.67655,-14.403833,0.317817,0.018551,0.075951
2.2950000762939453,-4.005371,-1.853237,-14.300133,0.290158,0.007099,0.073196
2.3010001182556152,-4.13651,-1.419492,-14.228422,0.326435,0.001875,0.071509
2.305000066757202,-4.311276,-1.926484,-13.832803,0.291153,0.03352,0.070265
2.309000015258789,-3.946833,-2.027963,-13.63338,0.259975,0.012468,0.070598
2.312000036239624,-4.152536,-1.349193,-14.255635,0.324335,0.023206,0.068899
2.317000150680542,-4.086287,-1.960684,-13.65709,0.247659,0.037875,0.066306
2.321000099182129,-4.037786,-1.779691,-13.576866,0.258081,0.03069,0.067367
2.325000047683716,-4.293294,-1.729012,-13.445791,0.271362,0.066844,0.066967
2.3289999961853027,-3.98378,-1.675296,-13.459515,0.276866,0.047596,0.067935
2.3330001831054688,-4.015965,-1.745447,-13.245924,0.252947,0.054444,0.066705
2.3370001316070557,-4.066472,-1.606374,-13.187186,0.264744,0.052168,0.064967
2.3410000801086426,-3.995284,-1.502223,-13.007067,0.269783,0.041824,0.064342
2.3450000286102295,-4.137059,-1.443456,-13.075104,0.283769,0.059508,0.062658
2.3510000705718994,-3.94281,-1.331926,-12.89054,0.307449,0.036469,0.064605
2.3540000915527344,-4.082983,-1.301063,-13.406971,0.332208,0.046603,0.066473
2.3580000400543213,-3.914505,-1.430601,-13.277423,0.330776,0.039161,0.068437
2.361999988555908,-3.895581,-1.351272,-13.19604,0.325327,0.03554,0.069394
2.367000102996826,-3.906103,-1.289244,-12.892344,0.319521,0.039559,0.070084
2.371000051498413,-3.88146,-1.093643,-12.514693,0.331961,0.035591,0.072491
2.373000144958496,-3.961276,-0.912501,-12.615761,0.35599,0.042376,0.073061
2.373000144958496,-3.961276,-0.912501,-12.615761,0.35599,0.042376,0.073061
2.373000144958496,-3.961276,-0.912501,-12.615761,0.35599,0.042376,0.073061
2.373000144958496,-3.961276,-0.912501,-12.615761,0.35599,0.042376,0.073061
2.373000144958496,-3.961276,-0.912501,-12.615761,0.35599,0.042376,0.073061
2.373000144958496,-3.961276,-0.912501,-12.615761,0.35599,0.042376,0.073061
2.373000144958496,-3.961276,-0.912501,-12.615761,0.35599,0.042376,0.073061
2.373000144958496,-3.961276,-0.912501,-12.615761,0.35599,0.042376,0.073061
2.373000144958496,-3.961276,-0.912501,-12.615761,0.35599,0.042376,0.073061
2.373000144958496,-3.961276,-0.912501,-12.615761,0.35599,0.042376,0.073061
2.373000144958496,-3.961276,-0.912501,-12.615761,0.35599,0.042376,0.073061
2.373000144958496,-3.961276,-0.912501,-12.615761,0.35599,0.042376,0.073061
2.373000144958496,-3.961276,-0.912501,-12.615761,0.35599,0.042376,0.073061
2.373000144958496,-3.961276,-0.912501,-12.615761,0.35599,0.042376,0.073061
2.373000144958496,-3.961276,-0.912501,-12.615761,0.35599,0.042376,0.073061
2.373000144958496,-3.961276,-0.912501,-12.615761,0.35599,0.042376,0.073061
2.373000144958496,-3.961276,-0.912501,-12.615761,0.35599,0.042376,0.073061
2.373000144958496,-3.961276,-0.912501,-12.615761,0.35599,0.042376,0.073061
2.373000144958496,-3.961276,-0.912501,-12.615761,0.35599,0.042376,0.073061
2.373000144958496,-3.961276,-0.912501,-12.615761,0.35599,0.042376,0.073061
2.373000144958496,-3.961276,-0.912501,-12.615761,0.35599,0.042376,0.073061
2.373000144958496,-3.961276,-0.912501,-12.615761,0.35599,0.042376,0.073061
2.373000144958496,-3.961276,-0.912501,-12.615761,0.35599,0.042376,0.073061
2.373000144958496,-3.961276,-0.912501,-12.615761,0.35599,0.042376,0.073061
2.373000144958496,-3.961276,-0.912501,-12.615761,0.35599,0.042376,0.073061
2.373000144958496,-3.961276,-0.912501,-12.615761,0.35599,0.042376,0.073061
2.373000144958496,-3.961276,-0.912501,-12.615761,0.35599,0.042376,0.073061
2.373000144958496,-3.961276,-0.912501,-12.615761,0.35599,0.042376,0.073061
2.373000144958496,-3.961276,-0.912501,-12.615761,0.35599,0.042376,0.073061
2.373000144958496,-3.961276,-0.912501,-12.615761,0.35599,0.042376,0.073061
2.373000144958496,-3.961276,-0.912501,-12.615761,0.35599,0.042376,0.073061
2.373000144958496,-3.961276,-0.912501,-12.615761,0.35599,0.042376,0.073061
2.373000144958496,-3.961276,-0.912501,-12.615761,0.35599,0.042376,0.073061
2.373000144958496,-3.961276,-0.912501,-12.615761,0.35599,0.042376,0.073061
2.373000144958496,-3.961276,-0.912501,-12.615761,0.35599,0.042376,0.073061
2.373000144958496,-3.961276,-0.912501,-12.615761,0.35599,0.042376,0.073061
2.373000144958496,-3.961276,-0.912501,-12.615761,0.35599,0.042376,0.073061
2.373000144958496,-3.961276,-0.912501,-12.615761,0.35599,0.042376,0.073061
2.373000144958496,-3.961276,-0.912501,-12.615761,0.35599,0.042376,0.073061
2.373000144958496,-3.961276,-0.912501,-12.615761,0.35599,0.042376,0.073061
2.373000144958496,-3.961276,-0.912501,-12.615761,0.35599,0.042376,0.073061
2.373000144958496,-3.961276,-0.912501,-12.615761,0.35599,0.042376,0.073061
2.373000144958496,-3.961276,-0.912501,-12.615761,0.35599,0.042376,0.073061
2.373000144958496,-3.961276,-0.912501,-12.615761,0.35599,0.042376,0.073061
2.373000144958496,-3.961276,-0.912501,-12.615761,0.35599,0.042376,0.073061
2.373000144958496,-3.961276,-0.912501,-12.615761,0.35599,0.042376,0.073061
2.373000144958496,-3.961276,-0.912501,-12.615761,0.35599,0.042376,0.073061
2.373000144958496,-3.961276,-0.912501,-12.615761,0.35599,0.042376,0.073061
2.373000144958496,-3.961276,-0.912501,-12.615761,0.35599,0.042376,0.073061
2.373000144958496,-3.961276,-0.912501,-12.615761,0.35599,0.042376,0.073061
2.373000144958496,-3.961276,-0.912501,-12.615761,0.35599,0.042376,0.073061
2.373000144958496,-3.961276,-0.912501,-12.615761,0.35599,0.042376,0.073061
2.373000144958496,-3.961276,-0.912501,-12.615761,0.35599,0.042376,0.073061
2.373000144958496,-3.961276,-0.912501,-12.615761,0.35599,0.042376,0.073061
2.373000144958496,-3.961276,-0.912501,-12.615761,0.35599,0.042376,0.073061
2.373000144958496,-3.961276,-0.912501,-12.615761,0.35599,0.042376,0.073061
2.373000144958496,-3.961276,-0.912501,-12.615761,0.35599,0.042376,0.073061
2.373000144958496,-3.961276,-0.912501,-12.615761,0.35599,0.042376,0.073061
2.373000144958496,-3.961276,-0.912501,-12.615761,0.35599,0.042376,0.073061
2.373000144958496,-3.961276,-0.912501,-12.615761,0.35599,0.042376,0.073061
2.373000144958496,-3.961276,-0.912501,-12.615761,0.35599,0.042376,0.073061
2.373000144958496,-3.961276,-0.912501,-12.615761,0.35599,0.042376,0.073061
2.373000144958496,-3.961276,-0.912501,-12.615761,0.35599,0.042376,0.073061
2.373000144958496,-3.961276,-0.912501,-12.615761,0.35599,0.042376,0.073061
2.373000144958496,-3.961276,-0.912501,-12.615761,0.35599,0.042376,0.073061
2.373000144958496,-3.961276,-0.912501,-12.615761,0.35599,0.042376,0.073061
2.373000144958496,-3.961276,-0.912501,-12.615761,0.35599,0.042376,0.073061
2.373000144958496,-3.961276,-0.912501,-12.615761,0.35599,0.042376,0.073061
2.373000144958496,-3.961276,-0.912501,-12.615761,0.35599,0.042376,0.073061
2.373000144958496,-3.961276,-0.912501,-12.615761,0.35599,0.042376,0.073061
2.373000144958496,-3.961276,-0.912501,-12.615761,0.35599,0.042376,0.073061
2.373000144958496,-3.961276,-0.912501,-12.615761,0.35599,0.042376,0.073061
2.373000144958496,-3.961276,-0.912501,-12.615761,0.35599,0.042376,0.073061
2.373000144958496,-3.961276,-0.912501,-12.615761,0.35599,0.042376,0.073061
2.373000144958496,-3.961276,-0.912501,-12.615761,0.35599,0.042376,0.073061
2.373000144958496,-3.961276,-0.912501,-12.615761,0.35599,0.042376,0.073061
2.373000144958496,-3.961276,-0.912501,-12.615761,0.35599,0.042376,0.073061
2.373000144958496,-3.961276,-0.912501,-12.615761,0.35599,0.042376,0.073061
2.373000144958496,-3.961276,-0.912501,-12.615761,0.35599,0.042376,0.073061
2.373000144958496,-3.961276,-0.912501,-12.615761,0.35599,0.042376,0.073061
2.373000144958496,-3.961276,-0.912501,-12.615761,0.35599,0.042376,0.073061
2.373000144958496,-3.961276,-0.912501,-12.615761,0.35599,0.042376,0.073061
2.373000144958496,-3.961276,-0.912501,-12.615761,0.35599,0.042376,0.073061
2.373000144958496,-3.961276,-0.912501,-12.615761,0.35599,0.042376,0.073061
2.373000144958496,-3.961276,-0.912501,-12.615761,0.35599,0.042376,0.073061
2.373000144958496,-3.961276,-0.912501,-12.615761,0.35599,0.042376,0.073061
2.373000144958496,-3.961276,-0.912501,-12.615761,0.35599,0.042376,0.073061
2.373000144958496,-3.961276,-0.912501,-12.615761,0.35599,0.042376,0.073061
2.373000144958496,-3.961276,-0.912501,-12.615761,0.35599,0.042376,0.073061
2.373000144958496,-3.961276,-0.912501,-12.615761,0.35599,0.042376,0.073061
2.373000144958496,-3.961276,-0.912501,-12.615761,0.35599,0.042376,0.073061
2.373000144958496,-3.961276,-0.912501,-12.615761,0.35599,0.042376,0.073061
2.373000144958496,-3.961276,-0.912501,-12.615761,0.35599,0.042376,0.073061
2.373000144958496,-3.961276,-0.912501,-12.615761,0.35599,0.042376,0.073061
2.373000144958496,-3.961276,-0.912501,-12.615761,0.35599,0.042376,0.073061
2.373000144958496,-3.961276,-0.912501,-12.615761,0.35599,0.042376,0.073061
2.373000144958496,-3.961276,-0.912501,-12.615761,0.35599,0.042376,0.073061
2.373000144958496,-3.961276,-0.912501,-12.615761,0.35599,0.042376,0.073061
2.373000144958496,-3.961276,-0.912501,-12.615761,0.35599,0.042376,0.073061
2.373000144958496,-3.961276,-0.912501,-12.615761,0.35599,0.042376,0.073061
2.373000144958496,-3.961276,-0.912501,-12.615761,0.35599,0.042376,0.073061
2.373000144958496,-3.961276,-0.912501,-12.615761,0.35599,0.042376,0.073061
2.373000144958496,-3.961276,-0.912501,-12.615761,0.35599,0.042376,0.073061
2.373000144958496,-3.961276,-0.912501,-12.615761,0.35599,0.042376,0.073061
2.373000144958496,-3.961276,-0.912501,-12.615761,0.35599,0.042376,0.073061
2.373000144958496,-3.961276,-0.912501,-12.615761,0.35599,0.042376,0.073061
2.373000144958496,-3.961276,-0.912501,-12.615761,0.35599,0.042376,0.073061
2.373000144958496,-3.961276,-0.912501,-12.615761,0.35599,0.042376,0.073061
2.373000144958496,-3.961276,-0.912501,-12.615761,0.35599,0.042376,0.073061
2.373000144958496,-3.961276,-0.912501,-12.615761,0.35599,0.042376,0.073061
2.373000144958496,-3.961276,-0.912501,-12.615761,0.35599,0.042376,0.073061
2.373000144958496,-3.961276,-0.912501,-12.615761,0.35599,0.042376,0.073061
2.373000144958496,-3.961276,-0.912501,-12.615761,0.35599,0.042376,0.073061
2.373000144958496,-3.961276,-0.912501,-12.615761,0.35599,0.042376,0.073061
2.373000144958496,-3.961276,-0.912501,-12.615761,0.35599,0.042376,0.073061
2.373000144958496,-3.961276,-0.912501,-12.615761,0.35599,0.042376,0.073061
2.373000144958496,-3.961276,-0.912501,-12.615761,0.35599,0.042376,0.073061
2.373000144958496,-3.961276,-0.912501,-12.615761,0.35599,0.042376,0.073061
2.373000144958496,-3.961276,-0.912501,-12.615761,0.35599,0.042376,0.073061
2.373000144958496,-3.961276,-0.912501,-12.615761,0.35599,0.042376,0.073061
2.373000144958496,-3.961276,-0.912501,-12.615761,0.35599,0.042376,0.073061
2.373000144958496,-3.961276,-0.912501,-12.615761,0.35599,0.042376,0.073061
2.373000144958496,-3.961276,-0.912501,-12.615761,0.35599,0.042376,0.073061
2.373000144958496,-3.961276,-0.912501,-12.615761,0.35599,0.042376,0.073061
2.373000144958496,-3.961276,-0.912501,-12.615761,0.35599,0.042376,0.073061
2.373000144958496,-3.961276,-0.912501,-12.615761,0.35599,0.042376,0.073061
2.373000144958496,-3.961276,-0.912501,-12.615761,0.35599,0.042376,0.073061
2.373000144958496,-3.961276,-0.912501,-12.615761,0.35599,0.042376,0.073061
2.373000144958496,-3.961276,-0.912501,-12.615761,0.35599,0.042376,0.073061
2.373000144958496,-3.961276,-0.912501,-12.615761,0.35599,0.042376,0.073061
2.373000144958496,-3.961276,-0.912501,-12.615761,0.35599,0.042376,0.073061
2.373000144958496,-3.961276,-0.912501,-12.615761,0.35599,0.042376,0.073061
2.373000144958496,-3.961276,-0.912501,-12.615761,0.35599,0.042376,0.073061
2.373000144958496,-3.961276,-0.912501,-12.615761,0.35599,0.042376,0.073061
2.373000144958496,-3.961276,-0.912501,-12.615761,0.35599,0.042376,0.073061
2.373000144958496,-3.961276,-0.912501,-12.615761,0.35599,0.042376,0.073061
2.373000144958496,-3.961276,-0.912501,-12.615761,0.35599,0.042376,0.073061
2.373000144958496,-3.961276,-0.912501,-12.615761,0.35599,0.042376,0.073061
2.373000144958496,-3.961276,-0.912501,-12.615761,0.35599,0.042376,0.073061
2.373000144958496,-3.961276,-0.912501,-12.615761,0.35599,0.042376,0.073061
2.373000144958496,-3.961276,-0.912501,-12.615761,0.35599,0.042376,0.073061
2.373000144958496,-3.961276,-0.912501,-12.615761,0.35599,0.042376,0.073061
2.373000144958496,-3.961276,-0.912501,-12.615761,0.35599,0.042376,0.073061
2.373000144958496,-3.961276,-0.912501,-12.615761,0.35599,0.042376,0.073061
2.373000144958496,-3.961276,-0.912501,-12.615761,0.35599,0.042376,0.073061
2.373000144958496,-3.961276,-0.912501,-12.615761,0.35599,0.042376,0.073061
2.373000144958496,-3.961276,-0.912501,-12.615761,0.35599,0.042376,0.073061
2.373000144958496,-3.961276,-0.912501,-12.615761,0.35599,0.042376,0.073061
2.373000144958496,-3.961276,-0.912501,-12.615761,0.35599,0.042376,0.073061
2.373000144958496,-3.961276,-0.912501,-12.615761,0.35599,0.042376,0.073061
2.373000144958496,-3.961276,-0.912501,-12.615761,0.35599,0.042376,0.073061
2.373000144958496,-3.961276,-0.912501,-12.615761,0.35599,0.042376,0.073061
2.373000144958496,-3.961276,-0.912501,-12.615761,0.35599,0.042376,0.073061
2.373000144958496,-3.961276,-0.912501,-12.615761,0.35599,0.042376,0.073061
2.373000144958496,-3.961276,-0.912501,-12.615761,0.35599,0.042376,0.073061
2.373000144958496,-3.961276,-0.912501,-12.615761,0.35599,0.042376,0.073061
2.373000144958496,-3.961276,-0.912501,-12.615761,0.35599,0.042376,0.073061
2.373000144958496,-3.961276,-0.912501,-12.615761,0.35599,0.042376,0.073061
2.373000144958496,-3.961276,-0.912501,-12.615761,0.35599,0.042376,0.073061
2.373000144958496,-3.961276,-0.912501,-12.615761,0.35599,0.042376,0.073061
2.373000144958496,-3.961276,-0.912501,-12.615761,0.35599,0.042376,0.073061
2.373000144958496,-3.961276,-0.912501,-12.615761,0.35599,0.042376,0.073061
2.373000144958496,-3.961276,-0.912501,-12.615761,0.35599,0.042376,0.073061
2.373000144958496,-3.961276,-0.912501,-12.615761,0.35599,0.042376,0.073061
2.373000144958496,-3.961276,-0.912501,-12.615761,0.35599,0.042376,0.073061
2.373000144958496,-3.961276,-0.912501,-12.615761,0.35599,0.042376,0.073061
2.373000144958496,-3.961276,-0.912501,-12.615761,0.35599,0.042376,0.073061
2.373000144958496,-3.961276,-0.912501,-12.615761,0.35599,0.042376,0.073061
2.373000144958496,-3.961276,-0.912501,-12.615761,0.35599,0.042376,0.073061
2.373000144958496,-3.961276,-0.912501,-12.615761,0.35599,0.042376,0.073061
2.373000144958496,-3.961276,-0.912501,-12.615761,0.35599,0.042376,0.073061
2.373000144958496,-3.961276,-0.912501,-12.615761,0.35599,0.042376,0.073061
2.373000144958496,-3.961276,-0.912501,-12.615761,0.35599,0.042376,0.073061
2.373000144958496,-3.961276,-0.912501,-12.615761,0.35599,0.042376,0.073061
2.373000144958496,-3.961276,-0.912501,-12.615761,0.35599,0.042376,0.073061
2.373000144958496,-3.961276,-0.912501,-12.615761,0.35599,0.042376,0.073061
2.373000144958496,-3.961276,-0.912501,-12.615761,0.35599,0.042376,0.073061
2.373000144958496,-3.961276,-0.912501,-12.615761,0.35599,0.042376,0.073061
2.373000144958496,-3.961276,-0.912501,-12.615761,0.35599,0.042376,0.073061
2.373000144958496,-3.961276,-0.912501,-12.615761,0.35599,0.042376,0.073061
2.373000144958496,-3.961276,-0.912501,-12.615761,0.35599,0.042376,0.073061
2.373000144958496,-3.961276,-0.912501,-12.615761,0.35599,0.042376,0.073061
2.373000144958496,-3.961276,-0.912501,-12.615761,0.35599,0.042376,0.073061
2.373000144958496,-3.961276,-0.912501,-12.615761,0.35599,0.042376,0.073061
2.373000144958496,-3.961276,-0.912501,-12.615761,0.35599,0.042376,0.073061
2.373000144958496,-3.961276,-0.912501,-12.615761,0.35599,0.042376,0.073061
2.373000144958496,-3.961276,-0.912501,-12.615761,0.35599,0.042376,0.073061
2.373000144958496,-3.961276,-0.912501,-12.615761,0.35599,0.042376,0.073061
2.373000144958496,-3.961276,-0.912501,-12.615761,0.35599,0.042376,0.073061
2.373000144958496,-3.961276,-0.912501,-12.615761,0.35599,0.042376,0.073061
2.373000144958496,-3.961276,-0.912501,-12.615761,0.35599,0.042376,0.073061
2.373000144958496,-3.961276,-0.912501,-12.615761,0.35599,0.042376,0.073061
2.373000144958496,-3.961276,-0.912501,-12.615761,0.35599,0.042376,0.073061
2.373000144958496,-3.961276,-0.912501,-12.615761,0.35599,0.042376,0.073061
2.373000144958496,-3.961276,-0.912501,-12.615761,0.35599,0.042376,0.073061
2.373000144958496,-3.961276,-0.912501,-12.615761,0.35599,0.042376,0.073061
2.373000144958496,-3.961276,-0.912501,-12.615761,0.35599,0.042376,0.073061
2.373000144958496,-3.961276,-0.912501,-12.615761,0.35599,0.042376,0.073061
2.373000144958496,-3.961276,-0.912501,-12.615761,0.35599,0.042376,0.073061
2.373000144958496,-3.961276,-0.912501,-12.615761,0.35599,0.042376,0.073061
2.373000144958496,-3.961276,-0.912501,-12.615761,0.35599,0.042376,0.073061
2.373000144958496,-3.961276,-0.912501,-12.615761,0.35599,0.042376,0.073061
2.373000144958496,-3.961276,-0.912501,-12.615761,0.35599,0.042376,0.073061
2.373000144958496,-3.961276,-0.912501,-12.615761,0.35599,0.042376,0.073061
2.373000144958496,-3.961276,-0.912501,-12.615761,0.35599,0.042376,0.073061
2.373000144958496,-3.961276,-0.912501,-12.615761,0.35599,0.042376,0.073061
2.373000144958496,-3.961276,-0.912501,-12.615761,0.35599,0.042376,0.073061
2.373000144958496,-3.961276,-0.912501,-12.615761,0.35599,0.042376,0.073061
2.373000144958496,-3.961276,-0.912501,-12.615761,0.35599,0.042376,0.073061
2.373000144958496,-3.961276,-0.912501,-12.615761,0.35599,0.042376,0.073061
2.373000144958496,-3.961276,-0.912501,-12.615761,0.35599,0.042376,0.073061
2.373000144958496,-3.961276,-0.912501,-12.615761,0.35599,0.042376,0.073061
2.373000144958496,-3.961276,-0.912501,-12.615761,0.35599,0.042376,0.073061
2.373000144958496,-3.961276,-0.912501,-12.615761,0.35599,0.042376,0.073061
2.373000144958496,-3.961276,-0.912501,-12.615761,0.35599,0.042376,0.073061
2.373000144958496,-3.961276,-0.912501,-12.615761,0.35599,0.042376,0.073061
2.373000144958496,-3.961276,-0.912501,-12.615761,0.35599,0.042376,0.073061
2.373000144958496,-3.961276,-0.912501,-12.615761,0.35599,0.042376,0.073061
2.373000144958496,-3.961276,-0.912501,-12.615761,0.35599,0.042376,0.073061
2.373000144958496,-3.961276,-0.912501,-12.615761,0.35599,0.042376,0.073061
2.373000144958496,-3.961276,-0.912501,-12.615761,0.35599,0.042376,0.073061
2.373000144958496,-3.961276,-0.912501,-12.615761,0.35599,0.042376,0.073061
2.373000144958496,-3.961276,-0.912501,-12.615761,0.35599,0.042376,0.073061
2.373000144958496,-3.961276,-0.912501,-12.615761,0.35599,0.042376,0.073061
2.373000144958496,-3.961276,-0.912501,-12.615761,0.35599,0.042376,0.073061
2.373000144958496,-3.961276,-0.912501,-12.615761,0.35599,0.042376,0.073061
2.373000144958496,-3.961276,-0.912501,-12.615761,0.35599,0.042376,0.073061
2.373000144958496,-3.961276,-0.912501,-12.615761,0.35599,0.042376,0.073061
2.373000144958496,-3.961276,-0.912501,-12.615761,0.35599,0.042376,0.073061
2.373000144958496,-3.961276,-0.912501,-12.615761,0.35599,0.042376,0.073061
2.373000144958496,-3.961276,-0.912501,-12.615761,0.35599,0.042376,0.073061
2.373000144958496,-3.961276,-0.912501,-12.615761,0.35599,0.042376,0.073061
2.373000144958496,-3.961276,-0.912501,-12.615761,0.35599,0.042376,0.073061
2.373000144958496,-3.961276,-0.912501,-12.615761,0.35599,0.042376,0.073061
2.373000144958496,-3.961276,-0.912501,-12.615761,0.35599,0.042376,0.073061
2.373000144958496,-3.961276,-0.912501,-12.615761,0.35599,0.042376,0.073061
2.373000144958496,-3.961276,-0.912501,-12.615761,0.35599,0.042376,0.073061
2.373000144958496,-3.961276,-0.912501,-12.615761,0.35599,0.042376,0.073061
2.373000144958496,-3.961276,-0.912501,-12.615761,0.35599,0.042376,0.073061
2.373000144958496,-3.961276,-0.912501,-12.615761,0.35599,0.042376,0.073061
2.373000144958496,-3.961276,-0.912501,-12.615761,0.35599,0.042376,0.073061
2.373000144958496,-3.961276,-0.912501,-12.615761,0.35599,0.042376,0.073061
2.373000144958496,-3.961276,-0.912501,-12.615761,0.35599,0.042376,0.073061
2.373000144958496,-3.961276,-0.912501,-12.615761,0.35599,0.042376,0.073061
2.373000144958496,-3.961276,-0.912501,-12.615761,0.35599,0.042376,0.073061
2.373000144958496,-3.961276,-0.912501,-12.615761,0.35599,0.042376,0.073061
2.373000144958496,-3.961276,-0.912501,-12.615761,0.35599,0.042376,0.073061
2.373000144958496,-3.961276,-0.912501,-12.615761,0.35599,0.042376,0.073061
2.373000144958496,-3.961276,-0.912501,-12.615761,0.35599,0.042376,0.073061
2.373000144958496,-3.961276,-0.912501,-12.615761,0.35599,0.042376,0.073061
2.373000144958496,-3.961276,-0.912501,-12.615761,0.35599,0.042376,0.073061
2.373000144958496,-3.961276,-0.912501,-12.615761,0.35599,0.042376,0.073061
2.373000144958496,-3.961276,-0.912501,-12.615761,0.35599,0.042376,0.073061
2.373000144958496,-3.961276,-0.912501,-12.615761,0.35599,0.042376,0.073061
2.373000144958496,-3.961276,-0.912501,-12.615761,0.35599,0.042376,0.073061
2.373000144958496,-3.961276,-0.912501,-12.615761,0.35599,0.042376,0.073061
2.373000144958496,-3.961276,-0.912501,-12.615761,0.35599,0.042376,0.073061
2.373000144958496,-3.961276,-0.912501,-12.615761,0.35599,0.042376,0.073061
2.373000144958496,-3.961276,-0.912501,-12.615761,0.35599,0.042376,0.073061
2.373000144958496,-3.961276,-0.912501,-12.615761,0.35599,0.042376,0.073061
2.373000144958496,-3.961276,-0.912501,-12.615761,0.35599,0.042376,0.073061
2.373000144958496,-3.961276,-0.912501,-12.615761,0.35599,0.042376,0.073061
2.373000144958496,-3.961276,-0.912501,-12.615761,0.35599,0.042376,0.073061
2.373000144958496,-3.961276,-0.912501,-12.615761,0.35599,0.042376,0.073061
2.373000144958496,-3.961276,-0.912501,-12.615761,0.35599,0.042376,0.073061
2.373000144958496,-3.961276,-0.912501,-12.615761,0.35599,0.042376,0.073061
2.373000144958496,-3.961276,-0.912501,-12.615761,0.35599,0.042376,0.073061
2.373000144958496,-3.961276,-0.912501,-12.615761,0.35599,0.042376,0.073061
2.373000144958496,-3.961276,-0.912501,-12.615761,0.35599,0.042376,0.073061
2.373000144958496,-3.961276,-0.912501,-12.615761,0.35599,0.042376,0.073061
2.373000144958496,-3.961276,-0.912501,-12.615761,0.35599,0.042376,0.073061
2.373000144958496,-3.961276,-0.912501,-12.615761,0.35599,0.042376,0.073061
2.373000144958496,-3.961276,-0.912501,-12.615761,0.35599,0.042376,0.073061
2.373000144958496,-3.961276,-0.912501,-12.615761,0.35599,0.042376,0.073061
2.373000144958496,-3.961276,-0.912501,-12.615761,0.35599,0.042376,0.073061
2.373000144958496,-3.961276,-0.912501,-12.615761,0.35599,0.042376,0.073061
2.373000144958496,-3.961276,-0.912501,-12.615761,0.35599,0.042376,0.073061
2.373000144958496,-3.961276,-0.912501,-12.615761,0.35599,0.042376,0.073061
2.373000144958496,-3.961276,-0.912501,-12.615761,0.35599,0.042376,0.073061
2.373000144958496,-3.961276,-0.912501,-12.615761,0.35599,0.042376,0.073061
2.373000144958496,-3.961276,-0.912501,-12.615761,0.35599,0.042376,0.073061
2.373000144958496,-3.961276,-0.912501,-12.615761,0.35599,0.042376,0.073061
2.373000144958496,-3.961276,-0.912501,-12.615761,0.35599,0.042376,0.073061
2.373000144958496,-3.961276,-0.912501,-12.615761,0.35599,0.042376,0.073061
2.373000144958496,-3.961276,-0.912501,-12.615761,0.35599,0.042376,0.073061
2.373000144958496,-3.961276,-0.912501,-12.615761,0.35599,0.042376,0.073061
2.373000144958496,-3.961276,-0.912501,-12.615761,0.35599,0.042376,0.073061
2.373000144958496,-3.961276,-0.912501,-12.615761,0.35599,0.042376,0.073061
2.373000144958496,-3.961276,-0.912501,-12.615761,0.35599,0.042376,0.073061
2.373000144958496,-3.961276,-0.912501,-12.615761,0.35599,0.042376,0.073061
2.373000144958496,-3.961276,-0.912501,-12.615761,0.35599,0.042376,0.073061
2.373000144958496,-3.961276,-0.912501,-12.615761,0.35599,0.042376,0.073061
2.373000144958496,-3.961276,-0.912501,-12.615761,0.35599,0.042376,0.073061
2.373000144958496,-3.961276,-0.912501,-12.615761,0.35599,0.042376,0.073061
2.373000144958496,-3.961276,-0.912501,-12.615761,0.35599,0.042376,0.073061
2.373000144958496,-3.961276,-0.912501,-12.615761,0.35599,0.042376,0.073061
2.373000144958496,-3.961276,-0.912501,-12.615761,0.35599,0.042376,0.073061
2.373000144958496,-3.961276,-0.912501,-12.615761,0.35599,0.042376,0.073061
2.373000144958496,-3.961276,-0.912501,-12.615761,0.35599,0.042376,0.073061
2.373000144958496,-3.961276,-0.912501,-12.615761,0.35599,0.042376,0.073061
2.373000144958496,-3.961276,-0.912501,-12.615761,0.35599,0.042376,0.073061
2.373000144958496,-3.961276,-0.912501,-12.615761,0.35599,0.042376,0.073061
2.373000144958496,-3.961276,-0.912501,-12.615761,0.35599,0.042376,0.073061
2.373000144958496,-3.961276,-0.912501,-12.615761,0.35599,0.042376,0.073061
2.373000144958496,-3.961276,-0.912501,-12.615761,0.35599,0.042376,0.073061
2.373000144958496,-3.961276,-0.912501,-12.615761,0.35599,0.042376,0.073061
2.373000144958496,-3.961276,-0.912501,-12.615761,0.35599,0.042376,0.073061
2.373000144958496,-3.961276,-0.912501,-12.615761,0.35599,0.042376,0.073061
2.373000144958496,-3.961276,-0.912501,-12.615761,0.35599,0.042376,0.073061
2.373000144958496,-3.961276,-0.912501,-12.615761,0.35599,0.042376,0.073061
2.373000144958496,-3.961276,-0.912501,-12.615761,0.35599,0.042376,0.073061
2.373000144958496,-3.961276,-0.912501,-12.615761,0.35599,0.042376,0.073061
2.373000144958496,-3.961276,-0.912501,-12.615761,0.35599,0.042376,0.073061
2.373000144958496,-3.961276,-0.912501,-12.615761,0.35599,0.042376,0.073061
2.373000144958496,-3.961276,-0.912501,-12.615761,0.35599,0.042376,0.073061
2.373000144958496,-3.961276,-0.912501,-12.615761,0.35599,0.042376,0.073061
2.373000144958496,-3.961276,-0.912501,-12.615761,0.35599,0.042376,0.073061
2.373000144958496,-3.961276,-0.912501,-12.615761,0.35599,0.042376,0.073061
2.373000144958496,-3.961276,-0.912501,-12.615761,0.35599,0.042376,0.073061
2.373000144958496,-3.961276,-0.912501,-12.615761,0.35599,0.042376,0.073061
2.373000144958496,-3.961276,-0.912501,-12.615761,0.35599,0.042376,0.073061
2.373000144958496,-3.961276,-0.912501,-12.615761,0.35599,0.042376,0.073061
2.373000144958496,-3.961276,-0.912501,-12.615761,0.35599,0.042376,0.073061
2.373000144958496,-3.961276,-0.912501,-12.615761,0.35599,0.042376,0.073061
2.373000144958496,-3.961276,-0.912501,-12.615761,0.35599,0.042376,0.073061
2.373000144958496,-3.961276,-0.912501,-12.615761,0.35599,0.042376,0.073061
2.373000144958496,-3.961276,-0.912501,-12.615761,0.35599,0.042376,0.073061
2.373000144958496,-3.961276,-0.912501,-12.615761,0.35599,0.042376,0.073061
2.373000144958496,-3.961276,-0.912501,-12.615761,0.35599,0.042376,0.073061
2.373000144958496,-3.961276,-0.912501,-12.615761,0.35599,0.042376,0.073061
2.373000144958496,-3.961276,-0.912501,-12.615761,0.35599,0.042376,0.073061
2.373000144958496,-3.961276,-0.912501,-12.615761,0.35599,0.042376,0.073061
2.373000144958496,-3.961276,-0.912501,-12.615761,0.35599,0.042376,0.073061
2.373000144958496,-3.961276,-0.912501,-12.615761,0.35599,0.042376,0.073061
2.373000144958496,-3.961276,-0.912501,-12.615761,0.35599,0.042376,0.073061
2.373000144958496,-3.961276,-0.912501,-12.615761,0.35599,0.042376,0.073061
2.373000144958496,-3.961276,-0.912501,-12.615761,0.35599,0.042376,0.073061
2.373000144958496,-3.961276,-0.912501,-12.615761,0.35599,0.042376,0.073061
2.373000144958496,-3.961276,-0.912501,-12.615761,0.35599,0.042376,0.073061
2.373000144958496,-3.961276,-0.912501,-12.615761,0.35599,0.042376,0.073061
2.373000144958496,-3.961276,-0.912501,-12.615761,0.35599,0.042376,0.073061
2.373000144958496,-3.961276,-0.912501,-12.615761,0.35599,0.042376,0.073061
2.373000144958496,-3.961276,-0.912501,-12.615761,0.35599,0.042376,0.073061
2.373000144958496,-3.961276,-0.912501,-12.615761,0.35599,0.042376,0.073061
2.373000144958496,-3.961276,-0.912501,-12.615761,0.35599,0.042376,0.073061
2.373000144958496,-3.961276,-0.912501,-12.615761,0.35599,0.042376,0.073061
2.373000144958496,-3.961276,-0.912501,-12.615761,0.35599,0.042376,0.073061
2.373000144958496,-3.961276,-0.912501,-12.615761,0.35599,0.042376,0.073061
2.373000144958496,-3.961276,-0.912501,-12.615761,0.35599,0.042376,0.073061
2.373000144958496,-3.961276,-0.912501,-12.615761,0.35599,0.042376,0.073061
2.373000144958496,-3.961276,-0.912501,-12.615761,0.35599,0.042376,0.073061
2.373000144958496,-3.961276,-0.912501,-12.615761,0.35599,0.042376,0.073061
2.373000144958496,-3.961276,-0.912501,-12.615761,0.35599,0.042376,0.073061
2.373000144958496,-3.961276,-0.912501,-12.615761,0.35599,0.042376,0.073061
2.373000144958496,-3.961276,-0.912501,-12.615761,0.35599,0.042376,0.073061
2.373000144958496,-3.961276,-0.912501,-12.615761,0.35599,0.042376,0.073061
2.373000144958496,-3.961276,-0.912501,-12.615761,0.35599,0.042376,0.073061
2.373000144958496,-3.961276,-0.912501,-12.615761,0.35599,0.042376,0.073061
2.373000144958496,-3.961276,-0.912501,-12.615761,0.35599,0.042376,0.073061
2.373000144958496,-3.961276,-0.912501,-12.615761,0.35599,0.042376,0.073061
2.373000144958496,-3.961276,-0.912501,-12.615761,0.35599,0.042376,0.073061
2.373000144958496,-3.961276,-0.912501,-12.615761,0.35599,0.042376,0.073061
2.373000144958496,-3.961276,-0.912501,-12.615761,0.35599,0.042376,0.073061
2.373000144958496,-3.961276,-0.912501,-12.615761,0.35599,0.042376,0.073061
2.373000144958496,-3.961276,-0.912501,-12.615761,0.35599,0.042376,0.073061
2.373000144958496,-3.961276,-0.912501,-12.615761,0.35599,0.042376,0.073061
2.373000144958496,-3.961276,-0.912501,-12.615761,0.35599,0.042376,0.073061
2.373000144958496,-3.961276,-0.912501,-12.615761,0.35599,0.042376,0.073061
2.373000144958496,-3.961276,-0.912501,-12.615761,0.35599,0.042376,0.073061
2.373000144958496,-3.961276,-0.912501,-12.615761,0.35599,0.042376,0.073061
2.373000144958496,-3.961276,-0.912501,-12.615761,0.35599,0.042376,0.073061
2.373000144958496,-3.961276,-0.912501,-12.615761,0.35599,0.042376,0.073061
2.373000144958496,-3.961276,-0.912501,-12.615761,0.35599,0.042376,0.073061
2.373000144958496,-3.961276,-0.912501,-12.615761,0.35599,0.042376,0.073061
2.373000144958496,-3.961276,-0.912501,-12.615761,0.35599,0.042376,0.073061
2.373000144958496,-3.961276,-0.912501,-12.615761,0.35599,0.042376,0.073061
2.373000144958496,-3.961276,-0.912501,-12.615761,0.35599,0.042376,0.073061
2.373000144958496,-3.961276,-0.912501,-12.615761,0.35599,0.042376,0.073061
2.373000144958496,-3.961276,-0.912501,-12.615761,0.35599,0.042376,0.073061
2.373000144958496,-3.961276,-0.912501,-12.615761,0.35599,0.042376,0.073061
2.373000144958496,-3.961276,-0.912501,-12.615761,0.35599,0.042376,0.073061
2.373000144958496,-3.961276,-0.912501,-12.615761,0.35599,0.042376,0.073061
2.373000144958496,-3.961276,-0.912501,-12.615761,0.35599,0.042376,0.073061
2.373000144958496,-3.961276,-0.912501,-12.615761,0.35599,0.042376,0.073061
2.373000144958496,-3.961276,-0.912501,-12.615761,0.35599,0.042376,0.073061
2.373000144958496,-3.961276,-0.912501,-12.615761,0.35599,0.042376,0.073061
2.373000144958496,-3.961276,-0.912501,-12.615761,0.35599,0.042376,0.073061
2.373000144958496,-3.961276,-0.912501,-12.615761,0.35599,0.042376,0.073061
2.373000144958496,-3.961276,-0.912501,-12.615761,0.35599,0.042376,0.073061
2.373000144958496,-3.961276,-0.912501,-12.615761,0.35599,0.042376,0.073061
2.373000144958496,-3.961276,-0.912501,-12.615761,0.35599,0.042376,0.073061
2.373000144958496,-3.961276,-0.912501,-12.615761,0.35599,0.042376,0.073061
2.373000144958496,-3.961276,-0.912501,-12.615761,0.35599,0.042376,0.073061
2.373000144958496,-3.961276,-0.912501,-12.615761,0.35599,0.042376,0.073061
2.373000144958496,-3.961276,-0.912501,-12.615761,0.35599,0.042376,0.073061
2.373000144958496,-3.961276,-0.912501,-12.615761,0.35599,0.042376,0.073061
2.373000144958496,-3.961276,-0.912501,-12.615761,0.35599,0.042376,0.073061
2.373000144958496,-3.961276,-0.912501,-12.615761,0.35599,0.042376,0.073061
2.373000144958496,-3.961276,-0.912501,-12.615761,0.35599,0.042376,0.073061
2.373000144958496,-3.961276,-0.912501,-12.615761,0.35599,0.042376,0.073061
2.373000144958496,-3.961276,-0.912501,-12.615761,0.35599,0.042376,0.073061
2.373000144958496,-3.961276,-0.912501,-12.615761,0.35599,0.042376,0.073061
2.373000144958496,-3.961276,-0.912501,-12.615761,0.35599,0.042376,0.073061
2.373000144958496,-3.961276,-0.912501,-12.615761,0.35599,0.042376,0.073061
2.373000144958496,-3.961276,-0.912501,-12.615761,0.35599,0.042376,0.073061
2.373000144958496,-3.961276,-0.912501,-12.615761,0.35599,0.042376,0.073061
2.373000144958496,-3.961276,-0.912501,-12.615761,0.35599,0.042376,0.073061
2.373000144958496,-3.961276,-0.912501,-12.615761,0.35599,0.042376,0.073061
2.373000144958496,-3.961276,-0.912501,-12.615761,0.35599,0.042376,0.073061
2.373000144958496,-3.961276,-0.912501,-12.615761,0.35599,0.042376,0.073061
2.373000144958496,-3.961276,-0.912501,-12.615761,0.35599,0.042376,0.073061
2.373000144958496,-3.961276,-0.912501,-12.615761,0.35599,0.042376,0.073061
2.373000144958496,-3.961276,-0.912501,-12.615761,0.35599,0.042376,0.073061
2.373000144958496,-3.961276,-0.912501,-12.615761,0.35599,0.042376,0.073061
2.373000144958496,-3.961276,-0.912501,-12.615761,0.35599,0.042376,0.073061
2.373000144958496,-3.961276,-0.912501,-12.615761,0.35599,0.042376,0.073061
2.373000144958496,-3.961276,-0.912501,-12.615761,0.35599,0.042376,0.073061
2.373000144958496,-3.961276,-0.912501,-12.615761,0.35599,0.042376,0.073061
2.373000144958496,-3.961276,-0.912501,-12.615761,0.35599,0.042376,0.073061
2.373000144958496,-3.961276,-0.912501,-12.615761,0.35599,0.042376,0.073061
2.373000144958496,-3.961276,-0.912501,-12.615761,0.35599,0.042376,0.073061
2.373000144958496,-3.961276,-0.912501,-12.615761,0.35599,0.042376,0.073061
2.373000144958496,-3.961276,-0.912501,-12.615761,0.35599,0.042376,0.073061
2.373000144958496,-3.961276,-0.912501,-12.615761,0.35599,0.042376,0.073061
2.373000144958496,-3.961276,-0.912501,-12.615761,0.35599,0.042376,0.073061
2.373000144958496,-3.961276,-0.912501,-12.615761,0.35599,0.042376,0.073061
2.373000144958496,-3.961276,-0.912501,-12.615761,0.35599,0.042376,0.073061
2.373000144958496,-3.961276,-0.912501,-12.615761,0.35599,0.042376,0.073061
2.373000144958496,-3.961276,-0.912501,-12.615761,0.35599,0.042376,0.073061
2.373000144958496,-3.961276,-0.912501,-12.615761,0.35599,0.042376,0.073061
2.373000144958496,-3.961276,-0.912501,-12.615761,0.35599,0.042376,0.073061
2.373000144958496,-3.961276,-0.912501,-12.615761,0.35599,0.042376,0.073061
2.373000144958496,-3.961276,-0.912501,-12.615761,0.35599,0.042376,0.073061
2.373000144958496,-3.961276,-0.912501,-12.615761,0.35599,0.042376,0.073061
2.373000144958496,-3.961276,-0.912501,-12.615761,0.35599,0.042376,0.073061
2.373000144958496,-3.961276,-0.912501,-12.615761,0.35599,0.042376,0.073061
2.373000144958496,-3.961276,-0.912501,-12.615761,0.35599,0.042376,0.073061
2.373000144958496,-3.961276,-0.912501,-12.615761,0.35599,0.042376,0.073061
2.373000144958496,-3.961276,-0.912501,-12.615761,0.35599,0.042376,0.073061
2.373000144958496,-3.961276,-0.912501,-12.615761,0.35599,0.042376,0.073061
2.373000144958496,-3.961276,-0.912501,-12.615761,0.35599,0.042376,0.073061
2.373000144958496,-3.961276,-0.912501,-12.615761,0.35599,0.042376,0.073061
2.373000144958496,-3.961276,-0.912501,-12.615761,0.35599,0.042376,0.073061
2.373000144958496,-3.961276,-0.912501,-12.615761,0.35599,0.042376,0.073061
2.373000144958496,-3.961276,-0.912501,-12.615761,0.35599,0.042376,0.073061
2.373000144958496,-3.961276,-0.912501,-12.615761,0.35599,0.042376,0.073061
2.373000144958496,-3.961276,-0.912501,-12.615761,0.35599,0.042376,0.073061
2.373000144958496,-3.961276,-0.912501,-12.615761,0.35599,0.042376,0.073061
2.373000144958496,-3.961276,-0.912501,-12.615761,0.35599,0.042376,0.073061
2.373000144958496,-3.961276,-0.912501,-12.615761,0.35599,0.042376,0.073061
2.373000144958496,-3.961276,-0.912501,-12.615761,0.35599,0.042376,0.073061
2.373000144958496,-3.961276,-0.912501,-12.615761,0.35599,0.042376,0.073061
2.373000144958496,-3.961276,-0.912501,-12.615761,0.35599,0.042376,0.073061
2.373000144958496,-3.961276,-0.912501,-12.615761,0.35599,0.042376,0.073061
2.373000144958496,-3.961276,-0.912501,-12.615761,0.35599,0.042376,0.073061
2.373000144958496,-3.961276,-0.912501,-12.615761,0.35599,0.042376,0.073061
2.373000144958496,-3.961276,-0.912501,-12.615761,0.35599,0.042376,0.073061
2.373000144958496,-3.961276,-0.912501,-12.615761,0.35599,0.042376,0.073061
2.373000144958496,-3.961276,-0.912501,-12.615761,0.35599,0.042376,0.073061
2.373000144958496,-3.961276,-0.912501,-12.615761,0.35599,0.042376,0.073061
2.373000144958496,-3.961276,-0.912501,-12.615761,0.35599,0.042376,0.073061
2.373000144958496,-3.961276,-0.912501,-12.615761,0.35599,0.042376,0.073061
2.373000144958496,-3.961276,-0.912501,-12.615761,0.35599,0.042376,0.073061
2.373000144958496,-3.961276,-0.912501,-12.615761,0.35599,0.042376,0.073061
2.373000144958496,-3.961276,-0.912501,-12.615761,0.35599,0.042376,0.073061
2.373000144958496,-3.961276,-0.912501,-12.615761,0.35599,0.042376,0.073061
2.373000144958496,-3.961276,-0.912501,-12.615761,0.35599,0.042376,0.073061
2.373000144958496,-3.961276,-0.912501,-12.615761,0.35599,0.042376,0.073061
2.373000144958496,-3.961276,-0.912501,-12.615761,0.35599,0.042376,0.073061
2.373000144958496,-3.961276,-0.912501,-12.615761,0.35599,0.042376,0.073061
2.373000144958496,-3.961276,-0.912501,-12.615761,0.35599,0.042376,0.073061
2.373000144958496,-3.961276,-0.912501,-12.615761,0.35599,0.042376,0.073061
2.373000144958496,-3.961276,-0.912501,-12.615761,0.35599,0.042376,0.073061
2.373000144958496,-3.961276,-0.912501,-12.615761,0.35599,0.042376,0.073061
2.373000144958496,-3.961276,-0.912501,-12.615761,0.35599,0.042376,0.073061
2.373000144958496,-3.961276,-0.912501,-12.615761,0.35599,0.042376,0.073061
2.373000144958496,-3.961276,-0.912501,-12.615761,0.35599,0.042376,0.073061
2.373000144958496,-3.961276,-0.912501,-12.615761,0.35599,0.042376,0.073061
2.373000144958496,-3.961276,-0.912501,-12.615761,0.35599,0.042376,0.073061
2.373000144958496,-3.961276,-0.912501,-12.615761,0.35599,0.042376,0.073061
2.373000144958496,-3.961276,-0.912501,-12.615761,0.35599,0.042376,0.073061
2.373000144958496,-3.961276,-0.912501,-12.615761,0.35599,0.042376,0.073061
2.373000144958496,-3.961276,-0.912501,-12.615761,0.35599,0.042376,0.073061
2.373000144958496,-3.961276,-0.912501,-12.615761,0.35599,0.042376,0.073061
2.373000144958496,-3.961276,-0.912501,-12.615761,0.35599,0.042376,0.073061
2.373000144958496,-3.961276,-0.912501,-12.615761,0.35599,0.042376,0.073061
2.373000144958496,-3.961276,-0.912501,-12.615761,0.35599,0.042376,0.073061
2.373000144958496,-3.961276,-0.912501,-12.615761,0.35599,0.042376,0.073061
2.373000144958496,-3.961276,-0.912501,-12.615761,0.35599,0.042376,0.073061
2.373000144958496,-3.961276,-0.912501,-12.615761,0.35599,0.042376,0.073061
2.373000144958496,-3.961276,-0.912501,-12.615761,0.35599,0.042376,0.073061
2.373000144958496,-3.961276,-0.912501,-12.615761,0.35599,0.042376,0.073061
2.373000144958496,-3.961276,-0.912501,-12.615761,0.35599,0.042376,0.073061
2.373000144958496,-3.961276,-0.912501,-12.615761,0.35599,0.042376,0.073061
2.373000144958496,-3.961276,-0.912501,-12.615761,0.35599,0.042376,0.073061
2.373000144958496,-3.961276,-0.912501,-12.615761,0.35599,0.042376,0.073061
2.373000144958496,-3.961276,-0.912501,-12.615761,0.35599,0.042376,0.073061
2.373000144958496,-3.961276,-0.912501,-12.615761,0.35599,0.042376,0.073061
2.373000144958496,-3.961276,-0.912501,-12.615761,0.35599,0.042376,0.073061
2.373000144958496,-3.961276,-0.912501,-12.615761,0.35599,0.042376,0.073061
2.373000144958496,-3.961276,-0.912501,-12.615761,0.35599,0.042376,0.073061
2.373000144958496,-3.961276,-0.912501,-12.615761,0.35599,0.042376,0.073061
2.373000144958496,-3.961276,-0.912501,-12.615761,0.35599,0.042376,0.073061
2.373000144958496,-3.961276,-0.912501,-12.615761,0.35599,0.042376,0.073061
2.373000144958496,-3.961276,-0.912501,-12.615761,0.35599,0.042376,0.073061
2.373000144958496,-3.961276,-0.912501,-12.615761,0.35599,0.042376,0.073061
2.373000144958496,-3.961276,-0.912501,-12.615761,0.35599,0.042376,0.073061
2.373000144958496,-3.961276,-0.912501,-12.615761,0.35599,0.042376,0.073061
2.373000144958496,-3.961276,-0.912501,-12.615761,0.35599,0.042376,0.073061
2.373000144958496,-3.961276,-0.912501,-12.615761,0.35599,0.042376,0.073061
2.373000144958496,-3.961276,-0.912501,-12.615761,0.35599,0.042376,0.073061
2.373000144958496,-3.961276,-0.912501,-12.615761,0.35599,0.042376,0.073061
2.373000144958496,-3.961276,-0.912501,-12.615761,0.35599,0.042376,0.073061
2.373000144958496,-3.961276,-0.912501,-12.615761,0.35599,0.042376,0.073061
2.373000144958496,-3.961276,-0.912501,-12.615761,0.35599,0.042376,0.073061
2.373000144958496,-3.961276,-0.912501,-12.615761,0.35599,0.042376,0.073061
2.373000144958496,-3.961276,-0.912501,-12.615761,0.35599,0.042376,0.073061
2.373000144958496,-3.961276,-0.912501,-12.615761,0.35599,0.042376,0.073061
2.373000144958496,-3.961276,-0.912501,-12.615761,0.35599,0.042376,0.073061
2.373000144958496,-3.961276,-0.912501,-12.615761,0.35599,0.042376,0.073061
2.373000144958496,-3.961276,-0.912501,-12.615761,0.35599,0.042376,0.073061
2.373000144958496,-3.961276,-0.912501,-12.615761,0.35599,0.042376,0.073061
2.373000144958496,-3.961276,-0.912501,-12.615761,0.35599,0.042376,0.073061
2.373000144958496,-3.961276,-0.912501,-12.615761,0.35599,0.042376,0.073061
2.373000144958496,-3.961276,-0.912501,-12.615761,0.35599,0.042376,0.073061
2.373000144958496,-3.961276,-0.912501,-12.615761,0.35599,0.042376,0.073061
2.373000144958496,-3.961276,-0.912501,-12.615761,0.35599,0.042376,0.073061
2.373000144958496,-3.961276,-0.912501,-12.615761,0.35599,0.042376,0.073061
2.373000144958496,-3.961276,-0.912501,-12.615761,0.35599,0.042376,0.073061
2.373000144958496,-3.961276,-0.912501,-12.615761,0.35599,0.042376,0.073061
2.373000144958496,-3.961276,-0.912501,-12.615761,0.35599,0.042376,0.073061
2.373000144958496,-3.961276,-0.912501,-12.615761,0.35599,0.042376,0.073061
2.373000144958496,-3.961276,-0.912501,-12.615761,0.35599,0.042376,0.073061
2.373000144958496,-3.961276,-0.912501,-12.615761,0.35599,0.042376,0.073061
2.373000144958496,-3.961276,-0.912501,-12.615761,0.35599,0.042376,0.073061
2.373000144958496,-3.961276,-0.912501,-12.615761,0.35599,0.042376,0.073061
2.373000144958496,-3.961276,-0.912501,-12.615761,0.35599,0.042376,0.073061
2.373000144958496,-3.961276,-0.912501,-12.615761,0.35599,0.042376,0.073061
2.373000144958496,-3.961276,-0.912501,-12.615761,0.35599,0.042376,0.073061
2.373000144958496,-3.961276,-0.912501,-12.615761,0.35599,0.042376,0.073061
2.373000144958496,-3.961276,-0.912501,-12.615761,0.35599,0.042376,0.073061
2.373000144958496,-3.961276,-0.912501,-12.615761,0.35599,0.042376,0.073061
2.373000144958496,-3.961276,-0.912501,-12.615761,0.35599,0.042376,0.073061
2.373000144958496,-3.961276,-0.912501,-12.615761,0.35599,0.042376,0.073061
2.373000144958496,-3.961276,-0.912501,-12.615761,0.35599,0.042376,0.073061
2.373000144958496,-3.961276,-0.912501,-12.615761,0.35599,0.042376,0.073061
2.373000144958496,-3.961276,-0.912501,-12.615761,0.35599,0.042376,0.073061
2.373000144958496,-3.961276,-0.912501,-12.615761,0.35599,0.042376,0.073061
2.373000144958496,-3.961276,-0.912501,-12.615761,0.35599,0.042376,0.073061
2.373000144958496,-3.961276,-0.912501,-12.615761,0.35599,0.042376,0.073061
2.373000144958496,-3.961276,-0.912501,-12.615761,0.35599,0.042376,0.073061
2.373000144958496,-3.961276,-0.912501,-12.615761,0.35599,0.042376,0.073061
2.373000144958496,-3.961276,-0.912501,-12.615761,0.35599,0.042376,0.073061
2.373000144958496,-3.961276,-0.912501,-12.615761,0.35599,0.042376,0.073061
2.373000144958496,-3.961276,-0.912501,-12.615761,0.35599,0.042376,0.073061
2.373000144958496,-3.961276,-0.912501,-12.615761,0.35599,0.042376,0.073061
2.373000144958496,-3.961276,-0.912501,-12.615761,0.35599,0.042376,0.073061
2.373000144958496,-3.961276,-0.912501,-12.615761,0.35599,0.042376,0.073061
2.373000144958496,-3.961276,-0.912501,-12.615761,0.35599,0.042376,0.073061
2.373000144958496,-3.961276,-0.912501,-12.615761,0.35599,0.042376,0.073061
2.373000144958496,-3.961276,-0.912501,-12.615761,0.35599,0.042376,0.073061
2.373000144958496,-3.961276,-0.912501,-12.615761,0.35599,0.042376,0.073061
2.373000144958496,-3.961276,-0.912501,-12.615761,0.35599,0.042376,0.073061
2.373000144958496,-3.961276,-0.912501,-12.615761,0.35599,0.042376,0.073061
2.373000144958496,-3.961276,-0.912501,-12.615761,0.35599,0.042376,0.073061
2.373000144958496,-3.961276,-0.912501,-12.615761,0.35599,0.042376,0.073061
2.373000144958496,-3.961276,-0.912501,-12.615761,0.35599,0.042376,0.073061
2.373000144958496,-3.961276,-0.912501,-12.615761,0.35599,0.042376,0.073061
2.373000144958496,-3.961276,-0.912501,-12.615761,0.35599,0.042376,0.073061
2.373000144958496,-3.961276,-0.912501,-12.615761,0.35599,0.042376,0.073061
2.373000144958496,-3.961276,-0.912501,-12.615761,0.35599,0.042376,0.073061
2.373000144958496,-3.961276,-0.912501,-12.615761,0.35599,0.042376,0.073061
2.373000144958496,-3.961276,-0.912501,-12.615761,0.35599,0.042376,0.073061
2.373000144958496,-3.961276,-0.912501,-12.615761,0.35599,0.042376,0.073061
2.373000144958496,-3.961276,-0.912501,-12.615761,0.35599,0.042376,0.073061
2.373000144958496,-3.961276,-0.912501,-12.615761,0.35599,0.042376,0.073061
2.373000144958496,-3.961276,-0.912501,-12.615761,0.35599,0.042376,0.073061
2.373000144958496,-3.961276,-0.912501,-12.615761,0.35599,0.042376,0.073061
2.373000144958496,-3.961276,-0.912501,-12.615761,0.35599,0.042376,0.073061
2.373000144958496,-3.961276,-0.912501,-12.615761,0.35599,0.042376,0.073061
2.373000144958496,-3.961276,-0.912501,-12.615761,0.35599,0.042376,0.073061
2.373000144958496,-3.961276,-0.912501,-12.615761,0.35599,0.042376,0.073061
2.373000144958496,-3.961276,-0.912501,-12.615761,0.35599,0.042376,0.073061
2.373000144958496,-3.961276,-0.912501,-12.615761,0.35599,0.042376,0.073061
2.373000144958496,-3.961276,-0.912501,-12.615761,0.35599,0.042376,0.073061
2.373000144958496,-3.961276,-0.912501,-12.615761,0.35599,0.042376,0.073061
2.373000144958496,-3.961276,-0.912501,-12.615761,0.35599,0.042376,0.073061
2.373000144958496,-3.961276,-0.912501,-12.615761,0.35599,0.042376,0.073061
2.373000144958496,-3.961276,-0.912501,-12.615761,0.35599,0.042376,0.073061
2.373000144958496,-3.961276,-0.912501,-12.615761,0.35599,0.042376,0.073061
2.373000144958496,-3.961276,-0.912501,-12.615761,0.35599,0.042376,0.073061
2.373000144958496,-3.961276,-0.912501,-12.615761,0.35599,0.042376,0.073061
2.373000144958496,-3.961276,-0.912501,-12.615761,0.35599,0.042376,0.073061
2.373000144958496,-3.961276,-0.912501,-12.615761,0.35599,0.042376,0.073061
2.373000144958496,-3.961276,-0.912501,-12.615761,0.35599,0.042376,0.073061
2.373000144958496,-3.961276,-0.912501,-12.615761,0.35599,0.042376,0.073061
2.373000144958496,-3.961276,-0.912501,-12.615761,0.35599,0.042376,0.073061
2.373000144958496,-3.961276,-0.912501,-12.615761,0.35599,0.042376,0.073061
2.373000144958496,-3.961276,-0.912501,-12.615761,0.35599,0.042376,0.073061
2.373000144958496,-3.961276,-0.912501,-12.615761,0.35599,0.042376,0.073061
2.373000144958496,-3.961276,-0.912501,-12.615761,0.35599,0.042376,0.073061
2.373000144958496,-3.961276,-0.912501,-12.615761,0.35599,0.042376,0.073061
2.373000144958496,-3.961276,-0.912501,-12.615761,0.35599,0.042376,0.073061
2.373000144958496,-3.961276,-0.912501,-12.615761,0.35599,0.042376,0.073061
2.373000144958496,-3.961276,-0.912501,-12.615761,0.35599,0.042376,0.073061
2.373000144958496,-3.961276,-0.912501,-12.615761,0.35599,0.042376,0.073061
2.373000144958496,-3.961276,-0.912501,-12.615761,0.35599,0.042376,0.073061
2.373000144958496,-3.961276,-0.912501,-12.615761,0.35599,0.042376,0.073061
2.373000144958496,-3.961276,-0.912501,-12.615761,0.35599,0.042376,0.073061
2.373000144958496,-3.961276,-0.912501,-12.615761,0.35599,0.042376,0.073061
2.373000144958496,-3.961276,-0.912501,-12.615761,0.35599,0.042376,0.073061
2.373000144958496,-3.961276,-0.912501,-12.615761,0.35599,0.042376,0.073061
2.373000144958496,-3.961276,-0.912501,-12.615761,0.35599,0.042376,0.073061
2.373000144958496,-3.961276,-0.912501,-12.615761,0.35599,0.042376,0.073061
2.373000144958496,-3.961276,-0.912501,-12.615761,0.35599,0.042376,0.073061
2.373000144958496,-3.961276,-0.912501,-12.615761,0.35599,0.042376,0.073061
2.373000144958496,-3.961276,-0.912501,-12.615761,0.35599,0.042376,0.073061
2.373000144958496,-3.961276,-0.912501,-12.615761,0.35599,0.042376,0.073061
2.373000144958496,-3.961276,-0.912501,-12.615761,0.35599,0.042376,0.073061
2.373000144958496,-3.961276,-0.912501,-12.615761,0.35599,0.042376,0.073061
2.373000144958496,-3.961276,-0.912501,-12.615761,0.35599,0.042376,0.073061
2.373000144958496,-3.961276,-0.912501,-12.615761,0.35599,0.042376,0.073061
2.373000144958496,-3.961276,-0.912501,-12.615761,0.35599,0.042376,0.073061
2.373000144958496,-3.961276,-0.912501,-12.615761,0.35599,0.042376,0.073061
2.373000144958496,-3.961276,-0.912501,-12.615761,0.35599,0.042376,0.073061
2.373000144958496,-3.961276,-0.912501,-12.615761,0.35599,0.042376,0.073061
2.373000144958496,-3.961276,-0.912501,-12.615761,0.35599,0.042376,0.073061
2.373000144958496,-3.961276,-0.912501,-12.615761,0.35599,0.042376,0.073061
2.373000144958496,-3.961276,-0.912501,-12.615761,0.35599,0.042376,0.073061
2.373000144958496,-3.961276,-0.912501,-12.615761,0.35599,0.042376,0.073061
2.373000144958496,-3.961276,-0.912501,-12.615761,0.35599,0.042376,0.073061
2.373000144958496,-3.961276,-0.912501,-12.615761,0.35599,0.042376,0.073061
2.373000144958496,-3.961276,-0.912501,-12.615761,0.35599,0.042376,0.073061
2.373000144958496,-3.961276,-0.912501,-12.615761,0.35599,0.042376,0.073061
2.373000144958496,-3.961276,-0.912501,-12.615761,0.35599,0.042376,0.073061
2.373000144958496,-3.961276,-0.912501,-12.615761,0.35599,0.042376,0.073061
2.373000144958496,-3.961276,-0.912501,-12.615761,0.35599,0.042376,0.073061
2.373000144958496,-3.961276,-0.912501,-12.615761,0.35599,0.042376,0.073061
2.373000144958496,-3.961276,-0.912501,-12.615761,0.35599,0.042376,0.073061
2.373000144958496,-3.961276,-0.912501,-12.615761,0.35599,0.042376,0.073061
2.373000144958496,-3.961276,-0.912501,-12.615761,0.35599,0.042376,0.073061
2.373000144958496,-3.961276,-0.912501,-12.615761,0.35599,0.042376,0.073061
2.373000144958496,-3.961276,-0.912501,-12.615761,0.35599,0.042376,0.073061
2.373000144958496,-3.961276,-0.912501,-12.615761,0.35599,0.042376,0.073061
2.373000144958496,-3.961276,-0.912501,-12.615761,0.35599,0.042376,0.073061
2.373000144958496,-3.961276,-0.912501,-12.615761,0.35599,0.042376,0.073061
2.373000144958496,-3.961276,-0.912501,-12.615761,0.35599,0.042376,0.073061
2.373000144958496,-3.961276,-0.912501,-12.615761,0.35599,0.042376,0.073061
2.373000144958496,-3.961276,-0.912501,-12.615761,0.35599,0.042376,0.073061
2.373000144958496,-3.961276,-0.912501,-12.615761,0.35599,0.042376,0.073061
2.373000144958496,-3.961276,-0.912501,-12.615761,0.35599,0.042376,0.073061
2.373000144958496,-3.961276,-0.912501,-12.615761,0.35599,0.042376,0.073061
2.373000144958496,-3.961276,-0.912501,-12.615761,0.35599,0.042376,0.073061
2.373000144958496,-3.961276,-0.912501,-12.615761,0.35599,0.042376,0.073061
2.373000144958496,-3.961276,-0.912501,-12.615761,0.35599,0.042376,0.073061
2.373000144958496,-3.961276,-0.912501,-12.615761,0.35599,0.042376,0.073061
2.373000144958496,-3.961276,-0.912501,-12.615761,0.35599,0.042376,0.073061
2.373000144958496,-3.961276,-0.912501,-12.615761,0.35599,0.042376,0.073061
2.373000144958496,-3.961276,-0.912501,-12.615761,0.35599,0.042376,0.073061
2.373000144958496,-3.961276,-0.912501,-12.615761,0.35599,0.042376,0.073061
2.373000144958496,-3.961276,-0.912501,-12.615761,0.35599,0.042376,0.073061
2.373000144958496,-3.961276,-0.912501,-12.615761,0.35599,0.042376,0.073061
2.373000144958496,-3.961276,-0.912501,-12.615761,0.35599,0.042376,0.073061
2.373000144958496,-3.961276,-0.912501,-12.615761,0.35599,0.042376,0.073061
2.373000144958496,-3.961276,-0.912501,-12.615761,0.35599,0.042376,0.073061
2.373000144958496,-3.961276,-0.912501,-12.615761,0.35599,0.042376,0.073061
2.373000144958496,-3.961276,-0.912501,-12.615761,0.35599,0.042376,0.073061
2.373000144958496,-3.961276,-0.912501,-12.615761,0.35599,0.042376,0.073061
2.373000144958496,-3.961276,-0.912501,-12.615761,0.35599,0.042376,0.073061
2.373000144958496,-3.961276,-0.912501,-12.615761,0.35599,0.042376,0.073061
2.373000144958496,-3.961276,-0.912501,-12.615761,0.35599,0.042376,0.073061
2.373000144958496,-3.961276,-0.912501,-12.615761,0.35599,0.042376,0.073061
2.373000144958496,-3.961276,-0.912501,-12.615761,0.35599,0.042376,0.073061
2.373000144958496,-3.961276,-0.912501,-12.615761,0.35599,0.042376,0.073061
2.373000144958496,-3.961276,-0.912501,-12.615761,0.35599,0.042376,0.073061
2.373000144958496,-3.961276,-0.912501,-12.615761,0.35599,0.042376,0.073061
2.373000144958496,-3.961276,-0.912501,-12.615761,0.35599,0.042376,0.073061
2.373000144958496,-3.961276,-0.912501,-12.615761,0.35599,0.042376,0.073061
2.373000144958496,-3.961276,-0.912501,-12.615761,0.35599,0.042376,0.073061
2.373000144958496,-3.961276,-0.912501,-12.615761,0.35599,0.042376,0.073061
2.373000144958496,-3.961276,-0.912501,-12.615761,0.35599,0.042376,0.073061
2.373000144958496,-3.961276,-0.912501,-12.615761,0.35599,0.042376,0.073061
2.373000144958496,-3.961276,-0.912501,-12.615761,0.35599,0.042376,0.073061
2.373000144958496,-3.961276,-0.912501,-12.615761,0.35599,0.042376,0.073061
2.373000144958496,-3.961276,-0.912501,-12.615761,0.35599,0.042376,0.073061
2.373000144958496,-3.961276,-0.912501,-12.615761,0.35599,0.042376,0.073061
2.373000144958496,-3.961276,-0.912501,-12.615761,0.35599,0.042376,0.073061
2.373000144958496,-3.961276,-0.912501,-12.615761,0.35599,0.042376,0.073061
2.373000144958496,-3.961276,-0.912501,-12.615761,0.35599,0.042376,0.073061
2.373000144958496,-3.961276,-0.912501,-12.615761,0.35599,0.042376,0.073061
2.373000144958496,-3.961276,-0.912501,-12.615761,0.35599,0.042376,0.073061
2.373000144958496,-3.961276,-0.912501,-12.615761,0.35599,0.042376,0.073061
2.373000144958496,-3.961276,-0.912501,-12.615761,0.35599,0.042376,0.073061
2.373000144958496,-3.961276,-0.912501,-12.615761,0.35599,0.042376,0.073061
2.373000144958496,-3.961276,-0.912501,-12.615761,0.35599,0.042376,0.073061
2.373000144958496,-3.961276,-0.912501,-12.615761,0.35599,0.042376,0.073061
2.373000144958496,-3.961276,-0.912501,-12.615761,0.35599,0.042376,0.073061
2.373000144958496,-3.961276,-0.912501,-12.615761,0.35599,0.042376,0.073061
2.373000144958496,-3.961276,-0.912501,-12.615761,0.35599,0.042376,0.073061
2.373000144958496,-3.961276,-0.912501,-12.615761,0.35599,0.042376,0.073061
2.373000144958496,-3.961276,-0.912501,-12.615761,0.35599,0.042376,0.073061
2.373000144958496,-3.961276,-0.912501,-12.615761,0.35599,0.042376,0.073061
2.373000144958496,-3.961276,-0.912501,-12.615761,0.35599,0.042376,0.073061
2.373000144958496,-3.961276,-0.912501,-12.615761,0.35599,0.042376,0.073061
2.373000144958496,-3.961276,-0.912501,-12.615761,0.35599,0.042376,0.073061
2.373000144958496,-3.961276,-0.912501,-12.615761,0.35599,0.042376,0.073061
2.373000144958496,-3.961276,-0.912501,-12.615761,0.35599,0.042376,0.073061
2.373000144958496,-3.961276,-0.912501,-12.615761,0.35599,0.042376,0.073061
2.373000144958496,-3.961276,-0.912501,-12.615761,0.35599,0.042376,0.073061
2.373000144958496,-3.961276,-0.912501,-12.615761,0.35599,0.042376,0.073061
2.373000144958496,-3.961276,-0.912501,-12.615761,0.35599,0.042376,0.073061
2.373000144958496,-3.961276,-0.912501,-12.615761,0.35599,0.042376,0.073061
2.373000144958496,-3.961276,-0.912501,-12.615761,0.35599,0.042376,0.073061
2.373000144958496,-3.961276,-0.912501,-12.615761,0.35599,0.042376,0.073061
2.373000144958496,-3.961276,-0.912501,-12.615761,0.35599,0.042376,0.073061
2.373000144958496,-3.961276,-0.912501,-12.615761,0.35599,0.042376,0.073061
2.373000144958496,-3.961276,-0.912501,-12.615761,0.35599,0.042376,0.073061
2.373000144958496,-3.961276,-0.912501,-12.615761,0.35599,0.042376,0.073061
2.373000144958496,-3.961276,-0.912501,-12.615761,0.35599,0.042376,0.073061
2.373000144958496,-3.961276,-0.912501,-12.615761,0.35599,0.042376,0.073061
2.373000144958496,-3.961276,-0.912501,-12.615761,0.35599,0.042376,0.073061
2.373000144958496,-3.961276,-0.912501,-12.615761,0.35599,0.042376,0.073061
2.373000144958496,-3.961276,-0.912501,-12.615761,0.35599,0.042376,0.073061
2.373000144958496,-3.961276,-0.912501,-12.615761,0.35599,0.042376,0.073061
2.373000144958496,-3.961276,-0.912501,-12.615761,0.35599,0.042376,0.073061
2.373000144958496,-3.961276,-0.912501,-12.615761,0.35599,0.042376,0.073061
2.373000144958496,-3.961276,-0.912501,-12.615761,0.35599,0.042376,0.073061
2.373000144958496,-3.961276,-0.912501,-12.615761,0.35599,0.042376,0.073061
2.373000144958496,-3.961276,-0.912501,-12.615761,0.35599,0.042376,0.073061
2.373000144958496,-3.961276,-0.912501,-12.615761,0.35599,0.042376,0.073061
2.373000144958496,-3.961276,-0.912501,-12.615761,0.35599,0.042376,0.073061
2.373000144958496,-3.961276,-0.912501,-12.615761,0.35599,0.042376,0.073061
2.373000144958496,-3.961276,-0.912501,-12.615761,0.35599,0.042376,0.073061
2.373000144958496,-3.961276,-0.912501,-12.615761,0.35599,0.042376,0.073061
2.373000144958496,-3.961276,-0.912501,-12.615761,0.35599,0.042376,0.073061
2.373000144958496,-3.961276,-0.912501,-12.615761,0.35599,0.042376,0.073061
2.373000144958496,-3.961276,-0.912501,-12.615761,0.35599,0.042376,0.073061
2.373000144958496,-3.961276,-0.912501,-12.615761,0.35599,0.042376,0.073061
2.373000144958496,-3.961276,-0.912501,-12.615761,0.35599,0.042376,0.073061
2.373000144958496,-3.961276,-0.912501,-12.615761,0.35599,0.042376,0.073061
2.373000144958496,-3.961276,-0.912501,-12.615761,0.35599,0.042376,0.073061
2.373000144958496,-3.961276,-0.912501,-12.615761,0.35599,0.042376,0.073061
2.373000144958496,-3.961276,-0.912501,-12.615761,0.35599,0.042376,0.073061
2.373000144958496,-3.961276,-0.912501,-12.615761,0.35599,0.042376,0.073061
2.373000144958496,-3.961276,-0.912501,-12.615761,0.35599,0.042376,0.073061
2.373000144958496,-3.961276,-0.912501,-12.615761,0.35599,0.042376,0.073061
2.373000144958496,-3.961276,-0.912501,-12.615761,0.35599,0.042376,0.073061
2.373000144958496,-3.961276,-0.912501,-12.615761,0.35599,0.042376,0.073061
2.373000144958496,-3.961276,-0.912501,-12.615761,0.35599,0.042376,0.073061
2.373000144958496,-3.961276,-0.912501,-12.615761,0.35599,0.042376,0.073061
2.373000144958496,-3.961276,-0.912501,-12.615761,0.35599,0.042376,0.073061
2.373000144958496,-3.961276,-0.912501,-12.615761,0.35599,0.042376,0.073061
2.373000144958496,-3.961276,-0.912501,-12.615761,0.35599,0.042376,0.073061
2.373000144958496,-3.961276,-0.912501,-12.615761,0.35599,0.042376,0.073061
2.373000144958496,-3.961276,-0.912501,-12.615761,0.35599,0.042376,0.073061
2.373000144958496,-3.961276,-0.912501,-12.615761,0.35599,0.042376,0.073061
2.373000144958496,-3.961276,-0.912501,-12.615761,0.35599,0.042376,0.073061
2.373000144958496,-3.961276,-0.912501,-12.615761,0.35599,0.042376,0.073061
2.373000144958496,-3.961276,-0.912501,-12.615761,0.35599,0.042376,0.073061
2.373000144958496,-3.961276,-0.912501,-12.615761,0.35599,0.042376,0.073061
2.373000144958496,-3.961276,-0.912501,-12.615761,0.35599,0.042376,0.073061
2.373000144958496,-3.961276,-0.912501,-12.615761,0.35599,0.042376,0.073061
2.373000144958496,-3.961276,-0.912501,-12.615761,0.35599,0.042376,0.073061
2.373000144958496,-3.961276,-0.912501,-12.615761,0.35599,0.042376,0.073061
2.373000144958496,-3.961276,-0.912501,-12.615761,0.35599,0.042376,0.073061
2.373000144958496,-3.961276,-0.912501,-12.615761,0.35599,0.042376,0.073061
2.373000144958496,-3.961276,-0.912501,-12.615761,0.35599,0.042376,0.073061
2.373000144958496,-3.961276,-0.912501,-12.615761,0.35599,0.042376,0.073061
2.373000144958496,-3.961276,-0.912501,-12.615761,0.35599,0.042376,0.073061
2.373000144958496,-3.961276,-0.912501,-12.615761,0.35599,0.042376,0.073061
2.373000144958496,-3.961276,-0.912501,-12.615761,0.35599,0.042376,0.073061
2.373000144958496,-3.961276,-0.912501,-12.615761,0.35599,0.042376,0.073061
2.373000144958496,-3.961276,-0.912501,-12.615761,0.35599,0.042376,0.073061
2.373000144958496,-3.961276,-0.912501,-12.615761,0.35599,0.042376,0.073061
2.373000144958496,-3.961276,-0.912501,-12.615761,0.35599,0.042376,0.073061
2.373000144958496,-3.961276,-0.912501,-12.615761,0.35599,0.042376,0.073061
2.373000144958496,-3.961276,-0.912501,-12.615761,0.35599,0.042376,0.073061
2.373000144958496,-3.961276,-0.912501,-12.615761,0.35599,0.042376,0.073061
2.373000144958496,-3.961276,-0.912501,-12.615761,0.35599,0.042376,0.073061
2.373000144958496,-3.961276,-0.912501,-12.615761,0.35599,0.042376,0.073061
2.373000144958496,-3.961276,-0.912501,-12.615761,0.35599,0.042376,0.073061
2.373000144958496,-3.961276,-0.912501,-12.615761,0.35599,0.042376,0.073061
2.373000144958496,-3.961276,-0.912501,-12.615761,0.35599,0.042376,0.073061
2.373000144958496,-3.961276,-0.912501,-12.615761,0.35599,0.042376,0.073061
2.373000144958496,-3.961276,-0.912501,-12.615761,0.35599,0.042376,0.073061
2.373000144958496,-3.961276,-0.912501,-12.615761,0.35599,0.042376,0.073061
2.373000144958496,-3.961276,-0.912501,-12.615761,0.35599,0.042376,0.073061
2.373000144958496,-3.961276,-0.912501,-12.615761,0.35599,0.042376,0.073061
2.373000144958496,-3.961276,-0.912501,-12.615761,0.35599,0.042376,0.073061
2.373000144958496,-3.961276,-0.912501,-12.615761,0.35599,0.042376,0.073061
2.373000144958496,-3.961276,-0.912501,-12.615761,0.35599,0.042376,0.073061
2.373000144958496,-3.961276,-0.912501,-12.615761,0.35599,0.042376,0.073061
2.373000144958496,-3.961276,-0.912501,-12.615761,0.35599,0.042376,0.073061
2.373000144958496,-3.961276,-0.912501,-12.615761,0.35599,0.042376,0.073061
2.373000144958496,-3.961276,-0.912501,-12.615761,0.35599,0.042376,0.073061
2.373000144958496,-3.961276,-0.912501,-12.615761,0.35599,0.042376,0.073061
2.373000144958496,-3.961276,-0.912501,-12.615761,0.35599,0.042376,0.073061
2.373000144958496,-3.961276,-0.912501,-12.615761,0.35599,0.042376,0.073061
2.373000144958496,-3.961276,-0.912501,-12.615761,0.35599,0.042376,0.073061
2.373000144958496,-3.961276,-0.912501,-12.615761,0.35599,0.042376,0.073061
2.373000144958496,-3.961276,-0.912501,-12.615761,0.35599,0.042376,0.073061
2.373000144958496,-3.961276,-0.912501,-12.615761,0.35599,0.042376,0.073061
2.373000144958496,-3.961276,-0.912501,-12.615761,0.35599,0.042376,0.073061
2.373000144958496,-3.961276,-0.912501,-12.615761,0.35599,0.042376,0.073061
2.373000144958496,-3.961276,-0.912501,-12.615761,0.35599,0.042376,0.073061
2.373000144958496,-3.961276,-0.912501,-12.615761,0.35599,0.042376,0.073061
2.373000144958496,-3.961276,-0.912501,-12.615761,0.35599,0.042376,0.073061
2.373000144958496,-3.961276,-0.912501,-12.615761,0.35599,0.042376,0.073061
2.373000144958496,-3.961276,-0.912501,-12.615761,0.35599,0.042376,0.073061
2.373000144958496,-3.961276,-0.912501,-12.615761,0.35599,0.042376,0.073061
2.373000144958496,-3.961276,-0.912501,-12.615761,0.35599,0.042376,0.073061
2.373000144958496,-3.961276,-0.912501,-12.615761,0.35599,0.042376,0.073061
2.373000144958496,-3.961276,-0.912501,-12.615761,0.35599,0.042376,0.073061
2.373000144958496,-3.961276,-0.912501,-12.615761,0.35599,0.042376,0.073061
2.373000144958496,-3.961276,-0.912501,-12.615761,0.35599,0.042376,0.073061
2.373000144958496,-3.961276,-0.912501,-12.615761,0.35599,0.042376,0.073061
2.373000144958496,-3.961276,-0.912501,-12.615761,0.35599,0.042376,0.073061
2.373000144958496,-3.961276,-0.912501,-12.615761,0.35599,0.042376,0.073061
2.373000144958496,-3.961276,-0.912501,-12.615761,0.35599,0.042376,0.073061
2.373000144958496,-3.961276,-0.912501,-12.615761,0.35599,0.042376,0.073061
2.373000144958496,-3.961276,-0.912501,-12.615761,0.35599,0.042376,0.073061
2.373000144958496,-3.961276,-0.912501,-12.615761,0.35599,0.042376,0.073061
2.373000144958496,-3.961276,-0.912501,-12.615761,0.35599,0.042376,0.073061
2.373000144958496,-3.961276,-0.912501,-12.615761,0.35599,0.042376,0.073061
2.373000144958496,-3.961276,-0.912501,-12.615761,0.35599,0.042376,0.073061
2.373000144958496,-3.961276,-0.912501,-12.615761,0.35599,0.042376,0.073061
2.373000144958496,-3.961276,-0.912501,-12.615761,0.35599,0.042376,0.073061
2.373000144958496,-3.961276,-0.912501,-12.615761,0.35599,0.042376,0.073061
2.373000144958496,-3.961276,-0.912501,-12.615761,0.35599,0.042376,0.073061
2.373000144958496,-3.961276,-0.912501,-12.615761,0.35599,0.042376,0.073061
2.373000144958496,-3.961276,-0.912501,-12.615761,0.35599,0.042376,0.073061
2.373000144958496,-3.961276,-0.912501,-12.615761,0.35599,0.042376,0.073061
2.373000144958496,-3.961276,-0.912501,-12.615761,0.35599,0.042376,0.073061
2.373000144958496,-3.961276,-0.912501,-12.615761,0.35599,0.042376,0.073061
2.373000144958496,-3.961276,-0.912501,-12.615761,0.35599,0.042376,0.073061
2.373000144958496,-3.961276,-0.912501,-12.615761,0.35599,0.042376,0.073061
2.373000144958496,-3.961276,-0.912501,-12.615761,0.35599,0.042376,0.073061
2.373000144958496,-3.961276,-0.912501,-12.615761,0.35599,0.042376,0.073061
2.373000144958496,-3.961276,-0.912501,-12.615761,0.35599,0.042376,0.073061
2.373000144958496,-3.961276,-0.912501,-12.615761,0.35599,0.042376,0.073061
2.373000144958496,-3.961276,-0.912501,-12.615761,0.35599,0.042376,0.073061
2.373000144958496,-3.961276,-0.912501,-12.615761,0.35599,0.042376,0.073061
2.373000144958496,-3.961276,-0.912501,-12.615761,0.35599,0.042376,0.073061
2.373000144958496,-3.961276,-0.912501,-12.615761,0.35599,0.042376,0.073061
2.373000144958496,-3.961276,-0.912501,-12.615761,0.35599,0.042376,0.073061
2.373000144958496,-3.961276,-0.912501,-12.615761,0.35599,0.042376,0.073061
2.373000144958496,-3.961276,-0.912501,-12.615761,0.35599,0.042376,0.073061
2.373000144958496,-3.961276,-0.912501,-12.615761,0.35599,0.042376,0.073061
2.373000144958496,-3.961276,-0.912501,-12.615761,0.35599,0.042376,0.073061
2.373000144958496,-3.961276,-0.912501,-12.615761,0.35599,0.042376,0.073061
2.373000144958496,-3.961276,-0.912501,-12.615761,0.35599,0.042376,0.073061
2.373000144958496,-3.961276,-0.912501,-12.615761,0.35599,0.042376,0.073061
2.373000144958496,-3.961276,-0.912501,-12.615761,0.35599,0.042376,0.073061
2.373000144958496,-3.961276,-0.912501,-12.615761,0.35599,0.042376,0.073061
2.373000144958496,-3.961276,-0.912501,-12.615761,0.35599,0.042376,0.073061
2.373000144958496,-3.961276,-0.912501,-12.615761,0.35599,0.042376,0.073061
2.373000144958496,-3.961276,-0.912501,-12.615761,0.35599,0.042376,0.073061
2.373000144958496,-3.961276,-0.912501,-12.615761,0.35599,0.042376,0.073061
2.373000144958496,-3.961276,-0.912501,-12.615761,0.35599,0.042376,0.073061
2.373000144958496,-3.961276,-0.912501,-12.615761,0.35599,0.042376,0.073061
2.373000144958496,-3.961276,-0.912501,-12.615761,0.35599,0.042376,0.073061
2.373000144958496,-3.961276,-0.912501,-12.615761,0.35599,0.042376,0.073061
2.373000144958496,-3.961276,-0.912501,-12.615761,0.35599,0.042376,0.073061
2.373000144958496,-3.961276,-0.912501,-12.615761,0.35599,0.042376,0.073061
2.373000144958496,-3.961276,-0.912501,-12.615761,0.35599,0.042376,0.073061
2.373000144958496,-3.961276,-0.912501,-12.615761,0.35599,0.042376,0.073061
2.373000144958496,-3.961276,-0.912501,-12.615761,0.35599,0.042376,0.073061
2.373000144958496,-3.961276,-0.912501,-12.615761,0.35599,0.042376,0.073061
2.373000144958496,-3.961276,-0.912501,-12.615761,0.35599,0.042376,0.073061
2.373000144958496,-3.961276,-0.912501,-12.615761,0.35599,0.042376,0.073061
2.373000144958496,-3.961276,-0.912501,-12.615761,0.35599,0.042376,0.073061
2.373000144958496,-3.961276,-0.912501,-12.615761,0.35599,0.042376,0.073061
2.373000144958496,-3.961276,-0.912501,-12.615761,0.35599,0.042376,0.073061
2.373000144958496,-3.961276,-0.912501,-12.615761,0.35599,0.042376,0.073061
2.373000144958496,-3.961276,-0.912501,-12.615761,0.35599,0.042376,0.073061
2.373000144958496,-3.961276,-0.912501,-12.615761,0.35599,0.042376,0.073061
2.373000144958496,-3.961276,-0.912501,-12.615761,0.35599,0.042376,0.073061
2.373000144958496,-3.961276,-0.912501,-12.615761,0.35599,0.042376,0.073061
2.373000144958496,-3.961276,-0.912501,-12.615761,0.35599,0.042376,0.073061
2.373000144958496,-3.961276,-0.912501,-12.615761,0.35599,0.042376,0.073061
2.373000144958496,-3.961276,-0.912501,-12.615761,0.35599,0.042376,0.073061
2.373000144958496,-3.961276,-0.912501,-12.615761,0.35599,0.042376,0.073061
2.373000144958496,-3.961276,-0.912501,-12.615761,0.35599,0.042376,0.073061
2.373000144958496,-3.961276,-0.912501,-12.615761,0.35599,0.042376,0.073061
2.373000144958496,-3.961276,-0.912501,-12.615761,0.35599,0.042376,0.073061
2.373000144958496,-3.961276,-0.912501,-12.615761,0.35599,0.042376,0.073061
2.373000144958496,-3.961276,-0.912501,-12.615761,0.35599,0.042376,0.073061
2.373000144958496,-3.961276,-0.912501,-12.615761,0.35599,0.042376,0.073061
2.373000144958496,-3.961276,-0.912501,-12.615761,0.35599,0.042376,0.073061
2.373000144958496,-3.961276,-0.912501,-12.615761,0.35599,0.042376,0.073061
2.373000144958496,-3.961276,-0.912501,-12.615761,0.35599,0.042376,0.073061
2.373000144958496,-3.961276,-0.912501,-12.615761,0.35599,0.042376,0.073061
2.373000144958496,-3.961276,-0.912501,-12.615761,0.35599,0.042376,0.073061
2.373000144958496,-3.961276,-0.912501,-12.615761,0.35599,0.042376,0.073061
2.373000144958496,-3.961276,-0.912501,-12.615761,0.35599,0.042376,0.073061
2.373000144958496,-3.961276,-0.912501,-12.615761,0.35599,0.042376,0.073061
2.373000144958496,-3.961276,-0.912501,-12.615761,0.35599,0.042376,0.073061
2.373000144958496,-3.961276,-0.912501,-12.615761,0.35599,0.042376,0.073061
2.373000144958496,-3.961276,-0.912501,-12.615761,0.35599,0.042376,0.073061
2.373000144958496,-3.961276,-0.912501,-12.615761,0.35599,0.042376,0.073061
2.373000144958496,-3.961276,-0.912501,-12.615761,0.35599,0.042376,0.073061
2.373000144958496,-3.961276,-0.912501,-12.615761,0.35599,0.042376,0.073061
2.373000144958496,-3.961276,-0.912501,-12.615761,0.35599,0.042376,0.073061
2.373000144958496,-3.961276,-0.912501,-12.615761,0.35599,0.042376,0.073061
2.373000144958496,-3.961276,-0.912501,-12.615761,0.35599,0.042376,0.073061
2.373000144958496,-3.961276,-0.912501,-12.615761,0.35599,0.042376,0.073061
2.373000144958496,-3.961276,-0.912501,-12.615761,0.35599,0.042376,0.073061
2.373000144958496,-3.961276,-0.912501,-12.615761,0.35599,0.042376,0.073061
2.373000144958496,-3.961276,-0.912501,-12.615761,0.35599,0.042376,0.073061
2.373000144958496,-3.961276,-0.912501,-12.615761,0.35599,0.042376,0.073061
2.373000144958496,-3.961276,-0.912501,-12.615761,0.35599,0.042376,0.073061
2.373000144958496,-3.961276,-0.912501,-12.615761,0.35599,0.042376,0.073061
2.373000144958496,-3.961276,-0.912501,-12.615761,0.35599,0.042376,0.073061
2.373000144958496,-3.961276,-0.912501,-12.615761,0.35599,0.042376,0.073061
2.373000144958496,-3.961276,-0.912501,-12.615761,0.35599,0.042376,0.073061
2.373000144958496,-3.961276,-0.912501,-12.615761,0.35599,0.042376,0.073061
2.373000144958496,-3.961276,-0.912501,-12.615761,0.35599,0.042376,0.073061
2.373000144958496,-3.961276,-0.912501,-12.615761,0.35599,0.042376,0.073061
2.373000144958496,-3.961276,-0.912501,-12.615761,0.35599,0.042376,0.073061
2.373000144958496,-3.961276,-0.912501,-12.615761,0.35599,0.042376,0.073061
2.373000144958496,-3.961276,-0.912501,-12.615761,0.35599,0.042376,0.073061
2.373000144958496,-3.961276,-0.912501,-12.615761,0.35599,0.042376,0.073061
2.373000144958496,-3.961276,-0.912501,-12.615761,0.35599,0.042376,0.073061
2.373000144958496,-3.961276,-0.912501,-12.615761,0.35599,0.042376,0.073061
2.373000144958496,-3.961276,-0.912501,-12.615761,0.35599,0.042376,0.073061
2.373000144958496,-3.961276,-0.912501,-12.615761,0.35599,0.042376,0.073061
2.373000144958496,-3.961276,-0.912501,-12.615761,0.35599,0.042376,0.073061
2.373000144958496,-3.961276,-0.912501,-12.615761,0.35599,0.042376,0.073061
2.373000144958496,-3.961276,-0.912501,-12.615761,0.35599,0.042376,0.073061
2.373000144958496,-3.961276,-0.912501,-12.615761,0.35599,0.042376,0.073061
2.373000144958496,-3.961276,-0.912501,-12.615761,0.35599,0.042376,0.073061
2.373000144958496,-3.961276,-0.912501,-12.615761,0.35599,0.042376,0.073061
2.373000144958496,-3.961276,-0.912501,-12.615761,0.35599,0.042376,0.073061
2.373000144958496,-3.961276,-0.912501,-12.615761,0.35599,0.042376,0.073061
2.373000144958496,-3.961276,-0.912501,-12.615761,0.35599,0.042376,0.073061
2.373000144958496,-3.961276,-0.912501,-12.615761,0.35599,0.042376,0.073061
2.373000144958496,-3.961276,-0.912501,-12.615761,0.35599,0.042376,0.073061
2.373000144958496,-3.961276,-0.912501,-12.615761,0.35599,0.042376,0.073061
2.373000144958496,-3.961276,-0.912501,-12.615761,0.35599,0.042376,0.073061
2.373000144958496,-3.961276,-0.912501,-12.615761,0.35599,0.042376,0.073061
2.373000144958496,-3.961276,-0.912501,-12.615761,0.35599,0.042376,0.073061
2.373000144958496,-3.961276,-0.912501,-12.615761,0.35599,0.042376,0.073061
2.373000144958496,-3.961276,-0.912501,-12.615761,0.35599,0.042376,0.073061
2.373000144958496,-3.961276,-0.912501,-12.615761,0.35599,0.042376,0.073061
2.373000144958496,-3.961276,-0.912501,-12.615761,0.35599,0.042376,0.073061
2.373000144958496,-3.961276,-0.912501,-12.615761,0.35599,0.042376,0.073061
2.373000144958496,-3.961276,-0.912501,-12.615761,0.35599,0.042376,0.073061
2.373000144958496,-3.961276,-0.912501,-12.615761,0.35599,0.042376,0.073061
2.373000144958496,-3.961276,-0.912501,-12.615761,0.35599,0.042376,0.073061
2.373000144958496,-3.961276,-0.912501,-12.615761,0.35599,0.042376,0.073061
2.373000144958496,-3.961276,-0.912501,-12.615761,0.35599,0.042376,0.073061
2.373000144958496,-3.961276,-0.912501,-12.615761,0.35599,0.042376,0.073061
2.373000144958496,-3.961276,-0.912501,-12.615761,0.35599,0.042376,0.073061
2.373000144958496,-3.961276,-0.912501,-12.615761,0.35599,0.042376,0.073061
2.373000144958496,-3.961276,-0.912501,-12.615761,0.35599,0.042376,0.073061
2.373000144958496,-3.961276,-0.912501,-12.615761,0.35599,0.042376,0.073061
2.373000144958496,-3.961276,-0.912501,-12.615761,0.35599,0.042376,0.073061
2.373000144958496,-3.961276,-0.912501,-12.615761,0.35599,0.042376,0.073061
2.373000144958496,-3.961276,-0.912501,-12.615761,0.35599,0.042376,0.073061
2.373000144958496,-3.961276,-0.912501,-12.615761,0.35599,0.042376,0.073061
2.373000144958496,-3.961276,-0.912501,-12.615761,0.35599,0.042376,0.073061
2.373000144958496,-3.961276,-0.912501,-12.615761,0.35599,0.042376,0.073061
2.373000144958496,-3.961276,-0.912501,-12.615761,0.35599,0.042376,0.073061
2.373000144958496,-3.961276,-0.912501,-12.615761,0.35599,0.042376,0.073061
2.373000144958496,-3.961276,-0.912501,-12.615761,0.35599,0.042376,0.073061
2.373000144958496,-3.961276,-0.912501,-12.615761,0.35599,0.042376,0.073061
2.373000144958496,-3.961276,-0.912501,-12.615761,0.35599,0.042376,0.073061
2.373000144958496,-3.961276,-0.912501,-12.615761,0.35599,0.042376,0.073061
2.373000144958496,-3.961276,-0.912501,-12.615761,0.35599,0.042376,0.073061
2.373000144958496,-3.961276,-0.912501,-12.615761,0.35599,0.042376,0.073061
2.373000144958496,-3.961276,-0.912501,-12.615761,0.35599,0.042376,0.073061
2.373000144958496,-3.961276,-0.912501,-12.615761,0.35599,0.042376,0.073061
2.373000144958496,-3.961276,-0.912501,-12.615761,0.35599,0.042376,0.073061
2.373000144958496,-3.961276,-0.912501,-12.615761,0.35599,0.042376,0.073061
2.373000144958496,-3.961276,-0.912501,-12.615761,0.35599,0.042376,0.073061
2.373000144958496,-3.961276,-0.912501,-12.615761,0.35599,0.042376,0.073061
2.373000144958496,-3.961276,-0.912501,-12.615761,0.35599,0.042376,0.073061
2.373000144958496,-3.961276,-0.912501,-12.615761,0.35599,0.042376,0.073061
2.373000144958496,-3.961276,-0.912501,-12.615761,0.35599,0.042376,0.073061
2.373000144958496,-3.961276,-0.912501,-12.615761,0.35599,0.042376,0.073061
2.373000144958496,-3.961276,-0.912501,-12.615761,0.35599,0.042376,0.073061
2.373000144958496,-3.961276,-0.912501,-12.615761,0.35599,0.042376,0.073061
2.373000144958496,-3.961276,-0.912501,-12.615761,0.35599,0.042376,0.073061
2.373000144958496,-3.961276,-0.912501,-12.615761,0.35599,0.042376,0.073061
2.373000144958496,-3.961276,-0.912501,-12.615761,0.35599,0.042376,0.073061
2.373000144958496,-3.961276,-0.912501,-12.615761,0.35599,0.042376,0.073061
2.373000144958496,-3.961276,-0.912501,-12.615761,0.35599,0.042376,0.073061
2.373000144958496,-3.961276,-0.912501,-12.615761,0.35599,0.042376,0.073061
2.373000144958496,-3.961276,-0.912501,-12.615761,0.35599,0.042376,0.073061
2.373000144958496,-3.961276,-0.912501,-12.615761,0.35599,0.042376,0.073061
2.373000144958496,-3.961276,-0.912501,-12.615761,0.35599,0.042376,0.073061
2.373000144958496,-3.961276,-0.912501,-12.615761,0.35599,0.042376,0.073061
2.373000144958496,-3.961276,-0.912501,-12.615761,0.35599,0.042376,0.073061
2.373000144958496,-3.961276,-0.912501,-12.615761,0.35599,0.042376,0.073061
2.373000144958496,-3.961276,-0.912501,-12.615761,0.35599,0.042376,0.073061
2.373000144958496,-3.961276,-0.912501,-12.615761,0.35599,0.042376,0.073061
2.373000144958496,-3.961276,-0.912501,-12.615761,0.35599,0.042376,0.073061
2.373000144958496,-3.961276,-0.912501,-12.615761,0.35599,0.042376,0.073061
2.373000144958496,-3.961276,-0.912501,-12.615761,0.35599,0.042376,0.073061
2.373000144958496,-3.961276,-0.912501,-12.615761,0.35599,0.042376,0.073061
2.373000144958496,-3.961276,-0.912501,-12.615761,0.35599,0.042376,0.073061
2.373000144958496,-3.961276,-0.912501,-12.615761,0.35599,0.042376,0.073061
2.373000144958496,-3.961276,-0.912501,-12.615761,0.35599,0.042376,0.073061
2.373000144958496,-3.961276,-0.912501,-12.615761,0.35599,0.042376,0.073061
2.373000144958496,-3.961276,-0.912501,-12.615761,0.35599,0.042376,0.073061
2.373000144958496,-3.961276,-0.912501,-12.615761,0.35599,0.042376,0.073061
2.373000144958496,-3.961276,-0.912501,-12.615761,0.35599,0.042376,0.073061
2.373000144958496,-3.961276,-0.912501,-12.615761,0.35599,0.042376,0.073061
2.373000144958496,-3.961276,-0.912501,-12.615761,0.35599,0.042376,0.073061
2.373000144958496,-3.961276,-0.912501,-12.615761,0.35599,0.042376,0.073061
2.373000144958496,-3.961276,-0.912501,-12.615761,0.35599,0.042376,0.073061
2.373000144958496,-3.961276,-0.912501,-12.615761,0.35599,0.042376,0.073061
2.373000144958496,-3.961276,-0.912501,-12.615761,0.35599,0.042376,0.073061
2.373000144958496,-3.961276,-0.912501,-12.615761,0.35599,0.042376,0.073061
2.373000144958496,-3.961276,-0.912501,-12.615761,0.35599,0.042376,0.073061
2.373000144958496,-3.961276,-0.912501,-12.615761,0.35599,0.042376,0.073061
2.373000144958496,-3.961276,-0.912501,-12.615761,0.35599,0.042376,0.073061
2.373000144958496,-3.961276,-0.912501,-12.615761,0.35599,0.042376,0.073061
2.373000144958496,-3.961276,-0.912501,-12.615761,0.35599,0.042376,0.073061
2.373000144958496,-3.961276,-0.912501,-12.615761,0.35599,0.042376,0.073061
2.373000144958496,-3.961276,-0.912501,-12.615761,0.35599,0.042376,0.073061
2.373000144958496,-3.961276,-0.912501,-12.615761,0.35599,0.042376,0.073061
2.373000144958496,-3.961276,-0.912501,-12.615761,0.35599,0.042376,0.073061
2.373000144958496,-3.961276,-0.912501,-12.615761,0.35599,0.042376,0.073061
2.373000144958496,-3.961276,-0.912501,-12.615761,0.35599,0.042376,0.073061
2.373000144958496,-3.961276,-0.912501,-12.615761,0.35599,0.042376,0.073061
2.373000144958496,-3.961276,-0.912501,-12.615761,0.35599,0.042376,0.073061
2.373000144958496,-3.961276,-0.912501,-12.615761,0.35599,0.042376,0.073061
2.373000144958496,-3.961276,-0.912501,-12.615761,0.35599,0.042376,0.073061
2.373000144958496,-3.961276,-0.912501,-12.615761,0.35599,0.042376,0.073061
2.373000144958496,-3.961276,-0.912501,-12.615761,0.35599,0.042376,0.073061
2.373000144958496,-3.961276,-0.912501,-12.615761,0.35599,0.042376,0.073061
2.373000144958496,-3.961276,-0.912501,-12.615761,0.35599,0.042376,0.073061
2.373000144958496,-3.961276,-0.912501,-12.615761,0.35599,0.042376,0.073061
2.373000144958496,-3.961276,-0.912501,-12.615761,0.35599,0.042376,0.073061
2.373000144958496,-3.961276,-0.912501,-12.615761,0.35599,0.042376,0.073061
2.373000144958496,-3.961276,-0.912501,-12.615761,0.35599,0.042376,0.073061
2.373000144958496,-3.961276,-0.912501,-12.615761,0.35599,0.042376,0.073061
2.373000144958496,-3.961276,-0.912501,-12.615761,0.35599,0.042376,0.073061
2.373000144958496,-3.961276,-0.912501,-12.615761,0.35599,0.042376,0.073061
2.373000144958496,-3.961276,-0.912501,-12.615761,0.35599,0.042376,0.073061
2.373000144958496,-3.961276,-0.912501,-12.615761,0.35599,0.042376,0.073061
2.373000144958496,-3.961276,-0.912501,-12.615761,0.35599,0.042376,0.073061
2.373000144958496,-3.961276,-0.912501,-12.615761,0.35599,0.042376,0.073061
2.373000144958496,-3.961276,-0.912501,-12.615761,0.35599,0.042376,0.073061
2.373000144958496,-3.961276,-0.912501,-12.615761,0.35599,0.042376,0.073061
2.373000144958496,-3.961276,-0.912501,-12.615761,0.35599,0.042376,0.073061
2.373000144958496,-3.961276,-0.912501,-12.615761,0.35599,0.042376,0.073061
2.373000144958496,-3.961276,-0.912501,-12.615761,0.35599,0.042376,0.073061
2.373000144958496,-3.961276,-0.912501,-12.615761,0.35599,0.042376,0.073061
2.373000144958496,-3.961276,-0.912501,-12.615761,0.35599,0.042376,0.073061
2.373000144958496,-3.961276,-0.912501,-12.615761,0.35599,0.042376,0.073061
2.373000144958496,-3.961276,-0.912501,-12.615761,0.35599,0.042376,0.073061
2.373000144958496,-3.961276,-0.912501,-12.615761,0.35599,0.042376,0.073061
2.373000144958496,-3.961276,-0.912501,-12.615761,0.35599,0.042376,0.073061
2.373000144958496,-3.961276,-0.912501,-12.615761,0.35599,0.042376,0.073061
2.373000144958496,-3.961276,-0.912501,-12.615761,0.35599,0.042376,0.073061
2.373000144958496,-3.961276,-0.912501,-12.615761,0.35599,0.042376,0.073061
2.373000144958496,-3.961276,-0.912501,-12.615761,0.35599,0.042376,0.073061
2.373000144958496,-3.961276,-0.912501,-12.615761,0.35599,0.042376,0.073061
2.373000144958496,-3.961276,-0.912501,-12.615761,0.35599,0.042376,0.073061
2.373000144958496,-3.961276,-0.912501,-12.615761,0.35599,0.042376,0.073061
2.373000144958496,-3.961276,-0.912501,-12.615761,0.35599,0.042376,0.073061
2.373000144958496,-3.961276,-0.912501,-12.615761,0.35599,0.042376,0.073061
2.373000144958496,-3.961276,-0.912501,-12.615761,0.35599,0.042376,0.073061
2.373000144958496,-3.961276,-0.912501,-12.615761,0.35599,0.042376,0.073061
2.373000144958496,-3.961276,-0.912501,-12.615761,0.35599,0.042376,0.073061
2.373000144958496,-3.961276,-0.912501,-12.615761,0.35599,0.042376,0.073061
2.373000144958496,-3.961276,-0.912501,-12.615761,0.35599,0.042376,0.073061
2.373000144958496,-3.961276,-0.912501,-12.615761,0.35599,0.042376,0.073061
2.373000144958496,-3.961276,-0.912501,-12.615761,0.35599,0.042376,0.073061
2.373000144958496,-3.961276,-0.912501,-12.615761,0.35599,0.042376,0.073061
2.373000144958496,-3.961276,-0.912501,-12.615761,0.35599,0.042376,0.073061
2.373000144958496,-3.961276,-0.912501,-12.615761,0.35599,0.042376,0.073061
2.373000144958496,-3.961276,-0.912501,-12.615761,0.35599,0.042376,0.073061
2.373000144958496,-3.961276,-0.912501,-12.615761,0.35599,0.042376,0.073061
2.373000144958496,-3.961276,-0.912501,-12.615761,0.35599,0.042376,0.073061
2.373000144958496,-3.961276,-0.912501,-12.615761,0.35599,0.042376,0.073061
2.373000144958496,-3.961276,-0.912501,-12.615761,0.35599,0.042376,0.073061
2.373000144958496,-3.961276,-0.912501,-12.615761,0.35599,0.042376,0.073061
2.373000144958496,-3.961276,-0.912501,-12.615761,0.35599,0.042376,0.073061
2.373000144958496,-3.961276,-0.912501,-12.615761,0.35599,0.042376,0.073061
2.373000144958496,-3.961276,-0.912501,-12.615761,0.35599,0.042376,0.073061
2.373000144958496,-3.961276,-0.912501,-12.615761,0.35599,0.042376,0.073061
2.373000144958496,-3.961276,-0.912501,-12.615761,0.35599,0.042376,0.073061
2.373000144958496,-3.961276,-0.912501,-12.615761,0.35599,0.042376,0.073061
2.373000144958496,-3.961276,-0.912501,-12.615761,0.35599,0.042376,0.073061
2.373000144958496,-3.961276,-0.912501,-12.615761,0.35599,0.042376,0.073061
2.373000144958496,-3.961276,-0.912501,-12.615761,0.35599,0.042376,0.073061
2.373000144958496,-3.961276,-0.912501,-12.615761,0.35599,0.042376,0.073061
2.373000144958496,-3.961276,-0.912501,-12.615761,0.35599,0.042376,0.073061
2.373000144958496,-3.961276,-0.912501,-12.615761,0.35599,0.042376,0.073061
2.373000144958496,-3.961276,-0.912501,-12.615761,0.35599,0.042376,0.073061
2.373000144958496,-3.961276,-0.912501,-12.615761,0.35599,0.042376,0.073061
2.373000144958496,-3.961276,-0.912501,-12.615761,0.35599,0.042376,0.073061
2.373000144958496,-3.961276,-0.912501,-12.615761,0.35599,0.042376,0.073061
2.373000144958496,-3.961276,-0.912501,-12.615761,0.35599,0.042376,0.073061
2.373000144958496,-3.961276,-0.912501,-12.615761,0.35599,0.042376,0.073061
2.373000144958496,-3.961276,-0.912501,-12.615761,0.35599,0.042376,0.073061
2.373000144958496,-3.961276,-0.912501,-12.615761,0.35599,0.042376,0.073061
2.373000144958496,-3.961276,-0.912501,-12.615761,0.35599,0.042376,0.073061
2.373000144958496,-3.961276,-0.912501,-12.615761,0.35599,0.042376,0.073061
2.373000144958496,-3.961276,-0.912501,-12.615761,0.35599,0.042376,0.073061
2.373000144958496,-3.961276,-0.912501,-12.615761,0.35599,0.042376,0.073061
2.373000144958496,-3.961276,-0.912501,-12.615761,0.35599,0.042376,0.073061
2.373000144958496,-3.961276,-0.912501,-12.615761,0.35599,0.042376,0.073061
2.373000144958496,-3.961276,-0.912501,-12.615761,0.35599,0.042376,0.073061
2.373000144958496,-3.961276,-0.912501,-12.615761,0.35599,0.042376,0.073061
2.373000144958496,-3.961276,-0.912501,-12.615761,0.35599,0.042376,0.073061
2.373000144958496,-3.961276,-0.912501,-12.615761,0.35599,0.042376,0.073061
2.373000144958496,-3.961276,-0.912501,-12.615761,0.35599,0.042376,0.073061
2.373000144958496,-3.961276,-0.912501,-12.615761,0.35599,0.042376,0.073061
2.373000144958496,-3.961276,-0.912501,-12.615761,0.35599,0.042376,0.073061
2.373000144958496,-3.961276,-0.912501,-12.615761,0.35599,0.042376,0.073061
2.373000144958496,-3.961276,-0.912501,-12.615761,0.35599,0.042376,0.073061
2.373000144958496,-3.961276,-0.912501,-12.615761,0.35599,0.042376,0.073061
2.373000144958496,-3.961276,-0.912501,-12.615761,0.35599,0.042376,0.073061
2.373000144958496,-3.961276,-0.912501,-12.615761,0.35599,0.042376,0.073061
2.373000144958496,-3.961276,-0.912501,-12.615761,0.35599,0.042376,0.073061
2.373000144958496,-3.961276,-0.912501,-12.615761,0.35599,0.042376,0.073061
2.373000144958496,-3.961276,-0.912501,-12.615761,0.35599,0.042376,0.073061
2.373000144958496,-3.961276,-0.912501,-12.615761,0.35599,0.042376,0.073061
2.373000144958496,-3.961276,-0.912501,-12.615761,0.35599,0.042376,0.073061
2.373000144958496,-3.961276,-0.912501,-12.615761,0.35599,0.042376,0.073061
2.373000144958496,-3.961276,-0.912501,-12.615761,0.35599,0.042376,0.073061
2.373000144958496,-3.961276,-0.912501,-12.615761,0.35599,0.042376,0.073061
2.373000144958496,-3.961276,-0.912501,-12.615761,0.35599,0.042376,0.073061
2.373000144958496,-3.961276,-0.912501,-12.615761,0.35599,0.042376,0.073061
2.373000144958496,-3.961276,-0.912501,-12.615761,0.35599,0.042376,0.073061
2.373000144958496,-3.961276,-0.912501,-12.615761,0.35599,0.042376,0.073061
2.373000144958496,-3.961276,-0.912501,-12.615761,0.35599,0.042376,0.073061
2.373000144958496,-3.961276,-0.912501,-12.615761,0.35599,0.042376,0.073061
2.373000144958496,-3.961276,-0.912501,-12.615761,0.35599,0.042376,0.073061
2.373000144958496,-3.961276,-0.912501,-12.615761,0.35599,0.042376,0.073061
2.373000144958496,-3.961276,-0.912501,-12.615761,0.35599,0.042376,0.073061
2.373000144958496,-3.961276,-0.912501,-12.615761,0.35599,0.042376,0.073061
2.373000144958496,-3.961276,-0.912501,-12.615761,0.35599,0.042376,0.073061
2.373000144958496,-3.961276,-0.912501,-12.615761,0.35599,0.042376,0.073061
2.373000144958496,-3.961276,-0.912501,-12.615761,0.35599,0.042376,0.073061
2.373000144958496,-3.961276,-0.912501,-12.615761,0.35599,0.042376,0.073061
2.373000144958496,-3.961276,-0.912501,-12.615761,0.35599,0.042376,0.073061
2.373000144958496,-3.961276,-0.912501,-12.615761,0.35599,0.042376,0.073061
2.373000144958496,-3.961276,-0.912501,-12.615761,0.35599,0.042376,0.073061
2.373000144958496,-3.961276,-0.912501,-12.615761,0.35599,0.042376,0.073061
2.373000144958496,-3.961276,-0.912501,-12.615761,0.35599,0.042376,0.073061
2.373000144958496,-3.961276,-0.912501,-12.615761,0.35599,0.042376,0.073061
2.373000144958496,-3.961276,-0.912501,-12.615761,0.35599,0.042376,0.073061
2.373000144958496,-3.961276,-0.912501,-12.615761,0.35599,0.042376,0.073061
2.373000144958496,-3.961276,-0.912501,-12.615761,0.35599,0.042376,0.073061
2.373000144958496,-3.961276,-0.912501,-12.615761,0.35599,0.042376,0.073061
2.373000144958496,-3.961276,-0.912501,-12.615761,0.35599,0.042376,0.073061
2.373000144958496,-3.961276,-0.912501,-12.615761,0.35599,0.042376,0.073061
2.373000144958496,-3.961276,-0.912501,-12.615761,0.35599,0.042376,0.073061
2.373000144958496,-3.961276,-0.912501,-12.615761,0.35599,0.042376,0.073061
2.373000144958496,-3.961276,-0.912501,-12.615761,0.35599,0.042376,0.073061
2.373000144958496,-3.961276,-0.912501,-12.615761,0.35599,0.042376,0.073061
2.373000144958496,-3.961276,-0.912501,-12.615761,0.35599,0.042376,0.073061
2.373000144958496,-3.961276,-0.912501,-12.615761,0.35599,0.042376,0.073061
2.373000144958496,-3.961276,-0.912501,-12.615761,0.35599,0.042376,0.073061
2.373000144958496,-3.961276,-0.912501,-12.615761,0.35599,0.042376,0.073061
2.373000144958496,-3.961276,-0.912501,-12.615761,0.35599,0.042376,0.073061
2.373000144958496,-3.961276,-0.912501,-12.615761,0.35599,0.042376,0.073061
2.373000144958496,-3.961276,-0.912501,-12.615761,0.35599,0.042376,0.073061
2.373000144958496,-3.961276,-0.912501,-12.615761,0.35599,0.042376,0.073061
2.373000144958496,-3.961276,-0.912501,-12.615761,0.35599,0.042376,0.073061
2.373000144958496,-3.961276,-0.912501,-12.615761,0.35599,0.042376,0.073061
2.373000144958496,-3.961276,-0.912501,-12.615761,0.35599,0.042376,0.073061
2.373000144958496,-3.961276,-0.912501,-12.615761,0.35599,0.042376,0.073061
2.373000144958496,-3.961276,-0.912501,-12.615761,0.35599,0.042376,0.073061
2.373000144958496,-3.961276,-0.912501,-12.615761,0.35599,0.042376,0.073061
2.373000144958496,-3.961276,-0.912501,-12.615761,0.35599,0.042376,0.073061
2.373000144958496,-3.961276,-0.912501,-12.615761,0.35599,0.042376,0.073061
2.373000144958496,-3.961276,-0.912501,-12.615761,0.35599,0.042376,0.073061
2.373000144958496,-3.961276,-0.912501,-12.615761,0.35599,0.042376,0.073061
2.373000144958496,-3.961276,-0.912501,-12.615761,0.35599,0.042376,0.073061
2.373000144958496,-3.961276,-0.912501,-12.615761,0.35599,0.042376,0.073061
2.373000144958496,-3.961276,-0.912501,-12.615761,0.35599,0.042376,0.073061
2.373000144958496,-3.961276,-0.912501,-12.615761,0.35599,0.042376,0.073061
2.373000144958496,-3.961276,-0.912501,-12.615761,0.35599,0.042376,0.073061
2.373000144958496,-3.961276,-0.912501,-12.615761,0.35599,0.042376,0.073061
2.373000144958496,-3.961276,-0.912501,-12.615761,0.35599,0.042376,0.073061
2.373000144958496,-3.961276,-0.912501,-12.615761,0.35599,0.042376,0.073061
2.373000144958496,-3.961276,-0.912501,-12.615761,0.35599,0.042376,0.073061
2.373000144958496,-3.961276,-0.912501,-12.615761,0.35599,0.042376,0.073061
2.373000144958496,-3.961276,-0.912501,-12.615761,0.35599,0.042376,0.073061
2.373000144958496,-3.961276,-0.912501,-12.615761,0.35599,0.042376,0.073061
2.373000144958496,-3.961276,-0.912501,-12.615761,0.35599,0.042376,0.073061
2.373000144958496,-3.961276,-0.912501,-12.615761,0.35599,0.042376,0.073061
2.373000144958496,-3.961276,-0.912501,-12.615761,0.35599,0.042376,0.073061
2.373000144958496,-3.961276,-0.912501,-12.615761,0.35599,0.042376,0.073061
2.373000144958496,-3.961276,-0.912501,-12.615761,0.35599,0.042376,0.073061
2.373000144958496,-3.961276,-0.912501,-12.615761,0.35599,0.042376,0.073061
2.373000144958496,-3.961276,-0.912501,-12.615761,0.35599,0.042376,0.073061
2.373000144958496,-3.961276,-0.912501,-12.615761,0.35599,0.042376,0.073061
2.373000144958496,-3.961276,-0.912501,-12.615761,0.35599,0.042376,0.073061
2.373000144958496,-3.961276,-0.912501,-12.615761,0.35599,0.042376,0.073061
2.373000144958496,-3.961276,-0.912501,-12.615761,0.35599,0.042376,0.073061
2.373000144958496,-3.961276,-0.912501,-12.615761,0.35599,0.042376,0.073061
2.373000144958496,-3.961276,-0.912501,-12.615761,0.35599,0.042376,0.073061
2.373000144958496,-3.961276,-0.912501,-12.615761,0.35599,0.042376,0.073061
2.373000144958496,-3.961276,-0.912501,-12.615761,0.35599,0.042376,0.073061
2.373000144958496,-3.961276,-0.912501,-12.615761,0.35599,0.042376,0.073061
2.373000144958496,-3.961276,-0.912501,-12.615761,0.35599,0.042376,0.073061
2.373000144958496,-3.961276,-0.912501,-12.615761,0.35599,0.042376,0.073061
2.373000144958496,-3.961276,-0.912501,-12.615761,0.35599,0.042376,0.073061
2.373000144958496,-3.961276,-0.912501,-12.615761,0.35599,0.042376,0.073061
2.373000144958496,-3.961276,-0.912501,-12.615761,0.35599,0.042376,0.073061
2.373000144958496,-3.961276,-0.912501,-12.615761,0.35599,0.042376,0.073061
2.373000144958496,-3.961276,-0.912501,-12.615761,0.35599,0.042376,0.073061
2.373000144958496,-3.961276,-0.912501,-12.615761,0.35599,0.042376,0.073061
2.373000144958496,-3.961276,-0.912501,-12.615761,0.35599,0.042376,0.073061
2.373000144958496,-3.961276,-0.912501,-12.615761,0.35599,0.042376,0.073061
2.373000144958496,-3.961276,-0.912501,-12.615761,0.35599,0.042376,0.073061
2.373000144958496,-3.961276,-0.912501,-12.615761,0.35599,0.042376,0.073061
2.373000144958496,-3.961276,-0.912501,-12.615761,0.35599,0.042376,0.073061
2.373000144958496,-3.961276,-0.912501,-12.615761,0.35599,0.042376,0.073061
2.373000144958496,-3.961276,-0.912501,-12.615761,0.35599,0.042376,0.073061
2.373000144958496,-3.961276,-0.912501,-12.615761,0.35599,0.042376,0.073061
2.373000144958496,-3.961276,-0.912501,-12.615761,0.35599,0.042376,0.073061
2.373000144958496,-3.961276,-0.912501,-12.615761,0.35599,0.042376,0.073061
2.373000144958496,-3.961276,-0.912501,-12.615761,0.35599,0.042376,0.073061
2.373000144958496,-3.961276,-0.912501,-12.615761,0.35599,0.042376,0.073061
2.373000144958496,-3.961276,-0.912501,-12.615761,0.35599,0.042376,0.073061
2.373000144958496,-3.961276,-0.912501,-12.615761,0.35599,0.042376,0.073061
2.373000144958496,-3.961276,-0.912501,-12.615761,0.35599,0.042376,0.073061
2.373000144958496,-3.961276,-0.912501,-12.615761,0.35599,0.042376,0.073061
2.373000144958496,-3.961276,-0.912501,-12.615761,0.35599,0.042376,0.073061
2.373000144958496,-3.961276,-0.912501,-12.615761,0.35599,0.042376,0.073061
2.373000144958496,-3.961276,-0.912501,-12.615761,0.35599,0.042376,0.073061
2.373000144958496,-3.961276,-0.912501,-12.615761,0.35599,0.042376,0.073061
2.373000144958496,-3.961276,-0.912501,-12.615761,0.35599,0.042376,0.073061
2.373000144958496,-3.961276,-0.912501,-12.615761,0.35599,0.042376,0.073061
2.373000144958496,-3.961276,-0.912501,-12.615761,0.35599,0.042376,0.073061
2.373000144958496,-3.961276,-0.912501,-12.615761,0.35599,0.042376,0.073061
2.373000144958496,-3.961276,-0.912501,-12.615761,0.35599,0.042376,0.073061
2.373000144958496,-3.961276,-0.912501,-12.615761,0.35599,0.042376,0.073061
2.373000144958496,-3.961276,-0.912501,-12.615761,0.35599,0.042376,0.073061
2.373000144958496,-3.961276,-0.912501,-12.615761,0.35599,0.042376,0.073061
2.373000144958496,-3.961276,-0.912501,-12.615761,0.35599,0.042376,0.073061
2.373000144958496,-3.961276,-0.912501,-12.615761,0.35599,0.042376,0.073061
2.373000144958496,-3.961276,-0.912501,-12.615761,0.35599,0.042376,0.073061
2.373000144958496,-3.961276,-0.912501,-12.615761,0.35599,0.042376,0.073061
2.373000144958496,-3.961276,-0.912501,-12.615761,0.35599,0.042376,0.073061
2.373000144958496,-3.961276,-0.912501,-12.615761,0.35599,0.042376,0.073061
2.373000144958496,-3.961276,-0.912501,-12.615761,0.35599,0.042376,0.073061
2.373000144958496,-3.961276,-0.912501,-12.615761,0.35599,0.042376,0.073061
2.373000144958496,-3.961276,-0.912501,-12.615761,0.35599,0.042376,0.073061
2.373000144958496,-3.961276,-0.912501,-12.615761,0.35599,0.042376,0.073061
2.373000144958496,-3.961276,-0.912501,-12.615761,0.35599,0.042376,0.073061
2.373000144958496,-3.961276,-0.912501,-12.615761,0.35599,0.042376,0.073061
2.373000144958496,-3.961276,-0.912501,-12.615761,0.35599,0.042376,0.073061
2.373000144958496,-3.961276,-0.912501,-12.615761,0.35599,0.042376,0.073061
2.373000144958496,-3.961276,-0.912501,-12.615761,0.35599,0.042376,0.073061
2.373000144958496,-3.961276,-0.912501,-12.615761,0.35599,0.042376,0.073061
2.373000144958496,-3.961276,-0.912501,-12.615761,0.35599,0.042376,0.073061
2.373000144958496,-3.961276,-0.912501,-12.615761,0.35599,0.042376,0.073061
2.373000144958496,-3.961276,-0.912501,-12.615761,0.35599,0.042376,0.073061
2.373000144958496,-3.961276,-0.912501,-12.615761,0.35599,0.042376,0.073061
2.373000144958496,-3.961276,-0.912501,-12.615761,0.35599,0.042376,0.073061
2.373000144958496,-3.961276,-0.912501,-12.615761,0.35599,0.042376,0.073061
2.373000144958496,-3.961276,-0.912501,-12.615761,0.35599,0.042376,0.073061
2.373000144958496,-3.961276,-0.912501,-12.615761,0.35599,0.042376,0.073061
2.373000144958496,-3.961276,-0.912501,-12.615761,0.35599,0.042376,0.073061
2.373000144958496,-3.961276,-0.912501,-12.615761,0.35599,0.042376,0.073061
2.373000144958496,-3.961276,-0.912501,-12.615761,0.35599,0.042376,0.073061
2.373000144958496,-3.961276,-0.912501,-12.615761,0.35599,0.042376,0.073061
2.373000144958496,-3.961276,-0.912501,-12.615761,0.35599,0.042376,0.073061
2.373000144958496,-3.961276,-0.912501,-12.615761,0.35599,0.042376,0.073061
2.373000144958496,-3.961276,-0.912501,-12.615761,0.35599,0.042376,0.073061
2.373000144958496,-3.961276,-0.912501,-12.615761,0.35599,0.042376,0.073061
2.373000144958496,-3.961276,-0.912501,-12.615761,0.35599,0.042376,0.073061
2.373000144958496,-3.961276,-0.912501,-12.615761,0.35599,0.042376,0.073061
2.373000144958496,-3.961276,-0.912501,-12.615761,0.35599,0.042376,0.073061
2.373000144958496,-3.961276,-0.912501,-12.615761,0.35599,0.042376,0.073061
2.373000144958496,-3.961276,-0.912501,-12.615761,0.35599,0.042376,0.073061
2.373000144958496,-3.961276,-0.912501,-12.615761,0.35599,0.042376,0.073061
2.373000144958496,-3.961276,-0.912501,-12.615761,0.35599,0.042376,0.073061
2.373000144958496,-3.961276,-0.912501,-12.615761,0.35599,0.042376,0.073061
2.373000144958496,-3.961276,-0.912501,-12.615761,0.35599,0.042376,0.073061
2.373000144958496,-3.961276,-0.912501,-12.615761,0.35599,0.042376,0.073061
2.373000144958496,-3.961276,-0.912501,-12.615761,0.35599,0.042376,0.073061
2.373000144958496,-3.961276,-0.912501,-12.615761,0.35599,0.042376,0.073061
2.373000144958496,-3.961276,-0.912501,-12.615761,0.35599,0.042376,0.073061
2.373000144958496,-3.961276,-0.912501,-12.615761,0.35599,0.042376,0.073061
2.373000144958496,-3.961276,-0.912501,-12.615761,0.35599,0.042376,0.073061
2.373000144958496,-3.961276,-0.912501,-12.615761,0.35599,0.042376,0.073061
2.373000144958496,-3.961276,-0.912501,-12.615761,0.35599,0.042376,0.073061
2.373000144958496,-3.961276,-0.912501,-12.615761,0.35599,0.042376,0.073061
2.373000144958496,-3.961276,-0.912501,-12.615761,0.35599,0.042376,0.073061
2.373000144958496,-3.961276,-0.912501,-12.615761,0.35599,0.042376,0.073061
2.373000144958496,-3.961276,-0.912501,-12.615761,0.35599,0.042376,0.073061
2.373000144958496,-3.961276,-0.912501,-12.615761,0.35599,0.042376,0.073061
2.373000144958496,-3.961276,-0.912501,-12.615761,0.35599,0.042376,0.073061
2.373000144958496,-3.961276,-0.912501,-12.615761,0.35599,0.042376,0.073061
2.373000144958496,-3.961276,-0.912501,-12.615761,0.35599,0.042376,0.073061
2.373000144958496,-3.961276,-0.912501,-12.615761,0.35599,0.042376,0.073061
2.373000144958496,-3.961276,-0.912501,-12.615761,0.35599,0.042376,0.073061
2.373000144958496,-3.961276,-0.912501,-12.615761,0.35599,0.042376,0.073061
2.373000144958496,-3.961276,-0.912501,-12.615761,0.35599,0.042376,0.073061
2.373000144958496,-3.961276,-0.912501,-12.615761,0.35599,0.042376,0.073061
2.373000144958496,-3.961276,-0.912501,-12.615761,0.35599,0.042376,0.073061
2.373000144958496,-3.961276,-0.912501,-12.615761,0.35599,0.042376,0.073061
2.373000144958496,-3.961276,-0.912501,-12.615761,0.35599,0.042376,0.073061
2.373000144958496,-3.961276,-0.912501,-12.615761,0.35599,0.042376,0.073061
2.373000144958496,-3.961276,-0.912501,-12.615761,0.35599,0.042376,0.073061
2.373000144958496,-3.961276,-0.912501,-12.615761,0.35599,0.042376,0.073061
2.373000144958496,-3.961276,-0.912501,-12.615761,0.35599,0.042376,0.073061
2.373000144958496,-3.961276,-0.912501,-12.615761,0.35599,0.042376,0.073061
2.373000144958496,-3.961276,-0.912501,-12.615761,0.35599,0.042376,0.073061
2.373000144958496,-3.961276,-0.912501,-12.615761,0.35599,0.042376,0.073061
2.373000144958496,-3.961276,-0.912501,-12.615761,0.35599,0.042376,0.073061
2.373000144958496,-3.961276,-0.912501,-12.615761,0.35599,0.042376,0.073061
2.373000144958496,-3.961276,-0.912501,-12.615761,0.35599,0.042376,0.073061
2.373000144958496,-3.961276,-0.912501,-12.615761,0.35599,0.042376,0.073061
2.373000144958496,-3.961276,-0.912501,-12.615761,0.35599,0.042376,0.073061
2.373000144958496,-3.961276,-0.912501,-12.615761,0.35599,0.042376,0.073061
2.373000144958496,-3.961276,-0.912501,-12.615761,0.35599,0.042376,0.073061
2.373000144958496,-3.961276,-0.912501,-12.615761,0.35599,0.042376,0.073061
2.373000144958496,-3.961276,-0.912501,-12.615761,0.35599,0.042376,0.073061
2.373000144958496,-3.961276,-0.912501,-12.615761,0.35599,0.042376,0.073061
2.373000144958496,-3.961276,-0.912501,-12.615761,0.35599,0.042376,0.073061
2.373000144958496,-3.961276,-0.912501,-12.615761,0.35599,0.042376,0.073061
2.373000144958496,-3.961276,-0.912501,-12.615761,0.35599,0.042376,0.073061
2.373000144958496,-3.961276,-0.912501,-12.615761,0.35599,0.042376,0.073061
2.373000144958496,-3.961276,-0.912501,-12.615761,0.35599,0.042376,0.073061
2.373000144958496,-3.961276,-0.912501,-12.615761,0.35599,0.042376,0.073061
2.373000144958496,-3.961276,-0.912501,-12.615761,0.35599,0.042376,0.073061
2.373000144958496,-3.961276,-0.912501,-12.615761,0.35599,0.042376,0.073061
2.373000144958496,-3.961276,-0.912501,-12.615761,0.35599,0.042376,0.073061
2.373000144958496,-3.961276,-0.912501,-12.615761,0.35599,0.042376,0.073061
2.373000144958496,-3.961276,-0.912501,-12.615761,0.35599,0.042376,0.073061
2.373000144958496,-3.961276,-0.912501,-12.615761,0.35599,0.042376,0.073061
2.373000144958496,-3.961276,-0.912501,-12.615761,0.35599,0.042376,0.073061
2.373000144958496,-3.961276,-0.912501,-12.615761,0.35599,0.042376,0.073061
2.373000144958496,-3.961276,-0.912501,-12.615761,0.35599,0.042376,0.073061
2.373000144958496,-3.961276,-0.912501,-12.615761,0.35599,0.042376,0.073061
2.373000144958496,-3.961276,-0.912501,-12.615761,0.35599,0.042376,0.073061
2.373000144958496,-3.961276,-0.912501,-12.615761,0.35599,0.042376,0.073061
2.373000144958496,-3.961276,-0.912501,-12.615761,0.35599,0.042376,0.073061
2.373000144958496,-3.961276,-0.912501,-12.615761,0.35599,0.042376,0.073061
2.373000144958496,-3.961276,-0.912501,-12.615761,0.35599,0.042376,0.073061
2.373000144958496,-3.961276,-0.912501,-12.615761,0.35599,0.042376,0.073061
2.373000144958496,-3.961276,-0.912501,-12.615761,0.35599,0.042376,0.073061
2.373000144958496,-3.961276,-0.912501,-12.615761,0.35599,0.042376,0.073061
2.373000144958496,-3.961276,-0.912501,-12.615761,0.35599,0.042376,0.073061
2.373000144958496,-3.961276,-0.912501,-12.615761,0.35599,0.042376,0.073061
2.373000144958496,-3.961276,-0.912501,-12.615761,0.35599,0.042376,0.073061
2.373000144958496,-3.961276,-0.912501,-12.615761,0.35599,0.042376,0.073061
2.373000144958496,-3.961276,-0.912501,-12.615761,0.35599,0.042376,0.073061
2.373000144958496,-3.961276,-0.912501,-12.615761,0.35599,0.042376,0.073061
2.373000144958496,-3.961276,-0.912501,-12.615761,0.35599,0.042376,0.073061
2.373000144958496,-3.961276,-0.912501,-12.615761,0.35599,0.042376,0.073061
2.373000144958496,-3.961276,-0.912501,-12.615761,0.35599,0.042376,0.073061
2.373000144958496,-3.961276,-0.912501,-12.615761,0.35599,0.042376,0.073061
2.373000144958496,-3.961276,-0.912501,-12.615761,0.35599,0.042376,0.073061
2.373000144958496,-3.961276,-0.912501,-12.615761,0.35599,0.042376,0.073061
2.373000144958496,-3.961276,-0.912501,-12.615761,0.35599,0.042376,0.073061
2.373000144958496,-3.961276,-0.912501,-12.615761,0.35599,0.042376,0.073061
2.373000144958496,-3.961276,-0.912501,-12.615761,0.35599,0.042376,0.073061
2.373000144958496,-3.961276,-0.912501,-12.615761,0.35599,0.042376,0.073061
2.373000144958496,-3.961276,-0.912501,-12.615761,0.35599,0.042376,0.073061
2.373000144958496,-3.961276,-0.912501,-12.615761,0.35599,0.042376,0.073061
2.373000144958496,-3.961276,-0.912501,-12.615761,0.35599,0.042376,0.073061
2.373000144958496,-3.961276,-0.912501,-12.615761,0.35599,0.042376,0.073061
2.373000144958496,-3.961276,-0.912501,-12.615761,0.35599,0.042376,0.073061
2.373000144958496,-3.961276,-0.912501,-12.615761,0.35599,0.042376,0.073061
2.373000144958496,-3.961276,-0.912501,-12.615761,0.35599,0.042376,0.073061
2.373000144958496,-3.961276,-0.912501,-12.615761,0.35599,0.042376,0.073061
2.373000144958496,-3.961276,-0.912501,-12.615761,0.35599,0.042376,0.073061
2.373000144958496,-3.961276,-0.912501,-12.615761,0.35599,0.042376,0.073061
2.373000144958496,-3.961276,-0.912501,-12.615761,0.35599,0.042376,0.073061
2.373000144958496,-3.961276,-0.912501,-12.615761,0.35599,0.042376,0.073061
2.373000144958496,-3.961276,-0.912501,-12.615761,0.35599,0.042376,0.073061
2.373000144958496,-3.961276,-0.912501,-12.615761,0.35599,0.042376,0.073061
2.373000144958496,-3.961276,-0.912501,-12.615761,0.35599,0.042376,0.073061
2.373000144958496,-3.961276,-0.912501,-12.615761,0.35599,0.042376,0.073061
2.373000144958496,-3.961276,-0.912501,-12.615761,0.35599,0.042376,0.073061
2.373000144958496,-3.961276,-0.912501,-12.615761,0.35599,0.042376,0.073061
2.373000144958496,-3.961276,-0.912501,-12.615761,0.35599,0.042376,0.073061
2.373000144958496,-3.961276,-0.912501,-12.615761,0.35599,0.042376,0.073061
2.373000144958496,-3.961276,-0.912501,-12.615761,0.35599,0.042376,0.073061
2.373000144958496,-3.961276,-0.912501,-12.615761,0.35599,0.042376,0.073061
2.373000144958496,-3.961276,-0.912501,-12.615761,0.35599,0.042376,0.073061
2.373000144958496,-3.961276,-0.912501,-12.615761,0.35599,0.042376,0.073061
2.373000144958496,-3.961276,-0.912501,-12.615761,0.35599,0.042376,0.073061
2.373000144958496,-3.961276,-0.912501,-12.615761,0.35599,0.042376,0.073061
2.373000144958496,-3.961276,-0.912501,-12.615761,0.35599,0.042376,0.073061
2.373000144958496,-3.961276,-0.912501,-12.615761,0.35599,0.042376,0.073061
2.373000144958496,-3.961276,-0.912501,-12.615761,0.35599,0.042376,0.073061
2.373000144958496,-3.961276,-0.912501,-12.615761,0.35599,0.042376,0.073061
2.373000144958496,-3.961276,-0.912501,-12.615761,0.35599,0.042376,0.073061
2.373000144958496,-3.961276,-0.912501,-12.615761,0.35599,0.042376,0.073061
2.373000144958496,-3.961276,-0.912501,-12.615761,0.35599,0.042376,0.073061
2.373000144958496,-3.961276,-0.912501,-12.615761,0.35599,0.042376,0.073061
2.373000144958496,-3.961276,-0.912501,-12.615761,0.35599,0.042376,0.073061
2.373000144958496,-3.961276,-0.912501,-12.615761,0.35599,0.042376,0.073061
2.373000144958496,-3.961276,-0.912501,-12.615761,0.35599,0.042376,0.073061
2.373000144958496,-3.961276,-0.912501,-12.615761,0.35599,0.042376,0.073061
2.373000144958496,-3.961276,-0.912501,-12.615761,0.35599,0.042376,0.073061
2.373000144958496,-3.961276,-0.912501,-12.615761,0.35599,0.042376,0.073061
2.373000144958496,-3.961276,-0.912501,-12.615761,0.35599,0.042376,0.073061
2.373000144958496,-3.961276,-0.912501,-12.615761,0.35599,0.042376,0.073061
2.373000144958496,-3.961276,-0.912501,-12.615761,0.35599,0.042376,0.073061
2.373000144958496,-3.961276,-0.912501,-12.615761,0.35599,0.042376,0.073061
2.373000144958496,-3.961276,-0.912501,-12.615761,0.35599,0.042376,0.073061
2.373000144958496,-3.961276,-0.912501,-12.615761,0.35599,0.042376,0.073061
2.373000144958496,-3.961276,-0.912501,-12.615761,0.35599,0.042376,0.073061
2.373000144958496,-3.961276,-0.912501,-12.615761,0.35599,0.042376,0.073061
2.373000144958496,-3.961276,-0.912501,-12.615761,0.35599,0.042376,0.073061
2.373000144958496,-3.961276,-0.912501,-12.615761,0.35599,0.042376,0.073061
2.373000144958496,-3.961276,-0.912501,-12.615761,0.35599,0.042376,0.073061
2.373000144958496,-3.961276,-0.912501,-12.615761,0.35599,0.042376,0.073061
2.373000144958496,-3.961276,-0.912501,-12.615761,0.35599,0.042376,0.073061
2.373000144958496,-3.961276,-0.912501,-12.615761,0.35599,0.042376,0.073061
2.373000144958496,-3.961276,-0.912501,-12.615761,0.35599,0.042376,0.073061
2.373000144958496,-3.961276,-0.912501,-12.615761,0.35599,0.042376,0.073061
2.373000144958496,-3.961276,-0.912501,-12.615761,0.35599,0.042376,0.073061
2.373000144958496,-3.961276,-0.912501,-12.615761,0.35599,0.042376,0.073061
2.373000144958496,-3.961276,-0.912501,-12.615761,0.35599,0.042376,0.073061
2.373000144958496,-3.961276,-0.912501,-12.615761,0.35599,0.042376,0.073061
2.373000144958496,-3.961276,-0.912501,-12.615761,0.35599,0.042376,0.073061
2.373000144958496,-3.961276,-0.912501,-12.615761,0.35599,0.042376,0.073061
2.373000144958496,-3.961276,-0.912501,-12.615761,0.35599,0.042376,0.073061
2.373000144958496,-3.961276,-0.912501,-12.615761,0.35599,0.042376,0.073061
2.373000144958496,-3.961276,-0.912501,-12.615761,0.35599,0.042376,0.073061
2.373000144958496,-3.961276,-0.912501,-12.615761,0.35599,0.042376,0.073061
2.373000144958496,-3.961276,-0.912501,-12.615761,0.35599,0.042376,0.073061
2.373000144958496,-3.961276,-0.912501,-12.615761,0.35599,0.042376,0.073061
2.373000144958496,-3.961276,-0.912501,-12.615761,0.35599,0.042376,0.073061
2.373000144958496,-3.961276,-0.912501,-12.615761,0.35599,0.042376,0.073061
2.373000144958496,-3.961276,-0.912501,-12.615761,0.35599,0.042376,0.073061
2.373000144958496,-3.961276,-0.912501,-12.615761,0.35599,0.042376,0.073061
2.373000144958496,-3.961276,-0.912501,-12.615761,0.35599,0.042376,0.073061
2.373000144958496,-3.961276,-0.912501,-12.615761,0.35599,0.042376,0.073061
2.373000144958496,-3.961276,-0.912501,-12.615761,0.35599,0.042376,0.073061
2.373000144958496,-3.961276,-0.912501,-12.615761,0.35599,0.042376,0.073061
2.373000144958496,-3.961276,-0.912501,-12.615761,0.35599,0.042376,0.073061
2.373000144958496,-3.961276,-0.912501,-12.615761,0.35599,0.042376,0.073061
2.373000144958496,-3.961276,-0.912501,-12.615761,0.35599,0.042376,0.073061
2.373000144958496,-3.961276,-0.912501,-12.615761,0.35599,0.042376,0.073061
2.373000144958496,-3.961276,-0.912501,-12.615761,0.35599,0.042376,0.073061
2.373000144958496,-3.961276,-0.912501,-12.615761,0.35599,0.042376,0.073061
2.373000144958496,-3.961276,-0.912501,-12.615761,0.35599,0.042376,0.073061
2.373000144958496,-3.961276,-0.912501,-12.615761,0.35599,0.042376,0.073061
2.373000144958496,-3.961276,-0.912501,-12.615761,0.35599,0.042376,0.073061
2.373000144958496,-3.961276,-0.912501,-12.615761,0.35599,0.042376,0.073061
2.373000144958496,-3.961276,-0.912501,-12.615761,0.35599,0.042376,0.073061
2.373000144958496,-3.961276,-0.912501,-12.615761,0.35599,0.042376,0.073061
2.373000144958496,-3.961276,-0.912501,-12.615761,0.35599,0.042376,0.073061
2.373000144958496,-3.961276,-0.912501,-12.615761,0.35599,0.042376,0.073061
2.373000144958496,-3.961276,-0.912501,-12.615761,0.35599,0.042376,0.073061
2.373000144958496,-3.961276,-0.912501,-12.615761,0.35599,0.042376,0.073061
2.373000144958496,-3.961276,-0.912501,-12.615761,0.35599,0.042376,0.073061
2.373000144958496,-3.961276,-0.912501,-12.615761,0.35599,0.042376,0.073061
2.373000144958496,-3.961276,-0.912501,-12.615761,0.35599,0.042376,0.073061
2.373000144958496,-3.961276,-0.912501,-12.615761,0.35599,0.042376,0.073061
2.373000144958496,-3.961276,-0.912501,-12.615761,0.35599,0.042376,0.073061
2.373000144958496,-3.961276,-0.912501,-12.615761,0.35599,0.042376,0.073061
2.373000144958496,-3.961276,-0.912501,-12.615761,0.35599,0.042376,0.073061
2.373000144958496,-3.961276,-0.912501,-12.615761,0.35599,0.042376,0.073061
2.373000144958496,-3.961276,-0.912501,-12.615761,0.35599,0.042376,0.073061
2.373000144958496,-3.961276,-0.912501,-12.615761,0.35599,0.042376,0.073061
2.373000144958496,-3.961276,-0.912501,-12.615761,0.35599,0.042376,0.073061
2.373000144958496,-3.961276,-0.912501,-12.615761,0.35599,0.042376,0.073061
2.373000144958496,-3.961276,-0.912501,-12.615761,0.35599,0.042376,0.073061
2.373000144958496,-3.961276,-0.912501,-12.615761,0.35599,0.042376,0.073061
2.373000144958496,-3.961276,-0.912501,-12.615761,0.35599,0.042376,0.073061
2.373000144958496,-3.961276,-0.912501,-12.615761,0.35599,0.042376,0.073061
2.373000144958496,-3.961276,-0.912501,-12.615761,0.35599,0.042376,0.073061
2.373000144958496,-3.961276,-0.912501,-12.615761,0.35599,0.042376,0.073061
2.373000144958496,-3.961276,-0.912501,-12.615761,0.35599,0.042376,0.073061
2.373000144958496,-3.961276,-0.912501,-12.615761,0.35599,0.042376,0.073061
2.373000144958496,-3.961276,-0.912501,-12.615761,0.35599,0.042376,0.073061
2.373000144958496,-3.961276,-0.912501,-12.615761,0.35599,0.042376,0.073061
2.373000144958496,-3.961276,-0.912501,-12.615761,0.35599,0.042376,0.073061
2.373000144958496,-3.961276,-0.912501,-12.615761,0.35599,0.042376,0.073061
2.373000144958496,-3.961276,-0.912501,-12.615761,0.35599,0.042376,0.073061
2.373000144958496,-3.961276,-0.912501,-12.615761,0.35599,0.042376,0.073061
2.373000144958496,-3.961276,-0.912501,-12.615761,0.35599,0.042376,0.073061
2.373000144958496,-3.961276,-0.912501,-12.615761,0.35599,0.042376,0.073061
2.373000144958496,-3.961276,-0.912501,-12.615761,0.35599,0.042376,0.073061
2.373000144958496,-3.961276,-0.912501,-12.615761,0.35599,0.042376,0.073061
2.373000144958496,-3.961276,-0.912501,-12.615761,0.35599,0.042376,0.073061
2.373000144958496,-3.961276,-0.912501,-12.615761,0.35599,0.042376,0.073061
2.373000144958496,-3.961276,-0.912501,-12.615761,0.35599,0.042376,0.073061
2.373000144958496,-3.961276,-0.912501,-12.615761,0.35599,0.042376,0.073061
2.373000144958496,-3.961276,-0.912501,-12.615761,0.35599,0.042376,0.073061
2.373000144958496,-3.961276,-0.912501,-12.615761,0.35599,0.042376,0.073061
2.373000144958496,-3.961276,-0.912501,-12.615761,0.35599,0.042376,0.073061
2.373000144958496,-3.961276,-0.912501,-12.615761,0.35599,0.042376,0.073061
2.373000144958496,-3.961276,-0.912501,-12.615761,0.35599,0.042376,0.073061
2.373000144958496,-3.961276,-0.912501,-12.615761,0.35599,0.042376,0.073061
2.373000144958496,-3.961276,-0.912501,-12.615761,0.35599,0.042376,0.073061
2.373000144958496,-3.961276,-0.912501,-12.615761,0.35599,0.042376,0.073061
2.373000144958496,-3.961276,-0.912501,-12.615761,0.35599,0.042376,0.073061
2.373000144958496,-3.961276,-0.912501,-12.615761,0.35599,0.042376,0.073061
2.373000144958496,-3.961276,-0.912501,-12.615761,0.35599,0.042376,0.073061
2.373000144958496,-3.961276,-0.912501,-12.615761,0.35599,0.042376,0.073061
2.373000144958496,-3.961276,-0.912501,-12.615761,0.35599,0.042376,0.073061
2.373000144958496,-3.961276,-0.912501,-12.615761,0.35599,0.042376,0.073061
2.373000144958496,-3.961276,-0.912501,-12.615761,0.35599,0.042376,0.073061
2.373000144958496,-3.961276,-0.912501,-12.615761,0.35599,0.042376,0.073061
2.373000144958496,-3.961276,-0.912501,-12.615761,0.35599,0.042376,0.073061
2.373000144958496,-3.961276,-0.912501,-12.615761,0.35599,0.042376,0.073061
2.373000144958496,-3.961276,-0.912501,-12.615761,0.35599,0.042376,0.073061
2.373000144958496,-3.961276,-0.912501,-12.615761,0.35599,0.042376,0.073061
2.373000144958496,-3.961276,-0.912501,-12.615761,0.35599,0.042376,0.073061
2.373000144958496,-3.961276,-0.912501,-12.615761,0.35599,0.042376,0.073061
2.373000144958496,-3.961276,-0.912501,-12.615761,0.35599,0.042376,0.073061
2.373000144958496,-3.961276,-0.912501,-12.615761,0.35599,0.042376,0.073061
2.373000144958496,-3.961276,-0.912501,-12.615761,0.35599,0.042376,0.073061
2.373000144958496,-3.961276,-0.912501,-12.615761,0.35599,0.042376,0.073061
2.373000144958496,-3.961276,-0.912501,-12.615761,0.35599,0.042376,0.073061
2.373000144958496,-3.961276,-0.912501,-12.615761,0.35599,0.042376,0.073061
2.373000144958496,-3.961276,-0.912501,-12.615761,0.35599,0.042376,0.073061
2.373000144958496,-3.961276,-0.912501,-12.615761,0.35599,0.042376,0.073061
2.373000144958496,-3.961276,-0.912501,-12.615761,0.35599,0.042376,0.073061
2.373000144958496,-3.961276,-0.912501,-12.615761,0.35599,0.042376,0.073061
2.373000144958496,-3.961276,-0.912501,-12.615761,0.35599,0.042376,0.073061
2.373000144958496,-3.961276,-0.912501,-12.615761,0.35599,0.042376,0.073061
2.373000144958496,-3.961276,-0.912501,-12.615761,0.35599,0.042376,0.073061
2.373000144958496,-3.961276,-0.912501,-12.615761,0.35599,0.042376,0.073061
2.373000144958496,-3.961276,-0.912501,-12.615761,0.35599,0.042376,0.073061
2.373000144958496,-3.961276,-0.912501,-12.615761,0.35599,0.042376,0.073061
2.373000144958496,-3.961276,-0.912501,-12.615761,0.35599,0.042376,0.073061
2.373000144958496,-3.961276,-0.912501,-12.615761,0.35599,0.042376,0.073061
2.373000144958496,-3.961276,-0.912501,-12.615761,0.35599,0.042376,0.073061
2.373000144958496,-3.961276,-0.912501,-12.615761,0.35599,0.042376,0.073061
2.373000144958496,-3.961276,-0.912501,-12.615761,0.35599,0.042376,0.073061
2.373000144958496,-3.961276,-0.912501,-12.615761,0.35599,0.042376,0.073061
2.373000144958496,-3.961276,-0.912501,-12.615761,0.35599,0.042376,0.073061
2.373000144958496,-3.961276,-0.912501,-12.615761,0.35599,0.042376,0.073061
2.373000144958496,-3.961276,-0.912501,-12.615761,0.35599,0.042376,0.073061
2.373000144958496,-3.961276,-0.912501,-12.615761,0.35599,0.042376,0.073061
2.373000144958496,-3.961276,-0.912501,-12.615761,0.35599,0.042376,0.073061
2.373000144958496,-3.961276,-0.912501,-12.615761,0.35599,0.042376,0.073061
2.373000144958496,-3.961276,-0.912501,-12.615761,0.35599,0.042376,0.073061
2.373000144958496,-3.961276,-0.912501,-12.615761,0.35599,0.042376,0.073061
2.373000144958496,-3.961276,-0.912501,-12.615761,0.35599,0.042376,0.073061
2.373000144958496,-3.961276,-0.912501,-12.615761,0.35599,0.042376,0.073061
2.373000144958496,-3.961276,-0.912501,-12.615761,0.35599,0.042376,0.073061
2.373000144958496,-3.961276,-0.912501,-12.615761,0.35599,0.042376,0.073061
2.373000144958496,-3.961276,-0.912501,-12.615761,0.35599,0.042376,0.073061
2.373000144958496,-3.961276,-0.912501,-12.615761,0.35599,0.042376,0.073061
2.373000144958496,-3.961276,-0.912501,-12.615761,0.35599,0.042376,0.073061
2.373000144958496,-3.961276,-0.912501,-12.615761,0.35599,0.042376,0.073061
2.373000144958496,-3.961276,-0.912501,-12.615761,0.35599,0.042376,0.073061
2.373000144958496,-3.961276,-0.912501,-12.615761,0.35599,0.042376,0.073061
2.373000144958496,-3.961276,-0.912501,-12.615761,0.35599,0.042376,0.073061
2.373000144958496,-3.961276,-0.912501,-12.615761,0.35599,0.042376,0.073061
2.373000144958496,-3.961276,-0.912501,-12.615761,0.35599,0.042376,0.073061
2.373000144958496,-3.961276,-0.912501,-12.615761,0.35599,0.042376,0.073061
2.373000144958496,-3.961276,-0.912501,-12.615761,0.35599,0.042376,0.073061
2.373000144958496,-3.961276,-0.912501,-12.615761,0.35599,0.042376,0.073061
2.373000144958496,-3.961276,-0.912501,-12.615761,0.35599,0.042376,0.073061
2.373000144958496,-3.961276,-0.912501,-12.615761,0.35599,0.042376,0.073061
2.373000144958496,-3.961276,-0.912501,-12.615761,0.35599,0.042376,0.073061
2.373000144958496,-3.961276,-0.912501,-12.615761,0.35599,0.042376,0.073061
2.373000144958496,-3.961276,-0.912501,-12.615761,0.35599,0.042376,0.073061
2.373000144958496,-3.961276,-0.912501,-12.615761,0.35599,0.042376,0.073061
2.373000144958496,-3.961276,-0.912501,-12.615761,0.35599,0.042376,0.073061
2.373000144958496,-3.961276,-0.912501,-12.615761,0.35599,0.042376,0.073061
2.373000144958496,-3.961276,-0.912501,-12.615761,0.35599,0.042376,0.073061
2.373000144958496,-3.961276,-0.912501,-12.615761,0.35599,0.042376,0.073061
2.373000144958496,-3.961276,-0.912501,-12.615761,0.35599,0.042376,0.073061
2.373000144958496,-3.961276,-0.912501,-12.615761,0.35599,0.042376,0.073061
2.373000144958496,-3.961276,-0.912501,-12.615761,0.35599,0.042376,0.073061
2.373000144958496,-3.961276,-0.912501,-12.615761,0.35599,0.042376,0.073061
2.373000144958496,-3.961276,-0.912501,-12.615761,0.35599,0.042376,0.073061
2.373000144958496,-3.961276,-0.912501,-12.615761,0.35599,0.042376,0.073061
2.373000144958496,-3.961276,-0.912501,-12.615761,0.35599,0.042376,0.073061
2.373000144958496,-3.961276,-0.912501,-12.615761,0.35599,0.042376,0.073061
2.373000144958496,-3.961276,-0.912501,-12.615761,0.35599,0.042376,0.073061
2.373000144958496,-3.961276,-0.912501,-12.615761,0.35599,0.042376,0.073061
2.373000144958496,-3.961276,-0.912501,-12.615761,0.35599,0.042376,0.073061
2.373000144958496,-3.961276,-0.912501,-12.615761,0.35599,0.042376,0.073061
2.373000144958496,-3.961276,-0.912501,-12.615761,0.35599,0.042376,0.073061
2.373000144958496,-3.961276,-0.912501,-12.615761,0.35599,0.042376,0.073061
2.373000144958496,-3.961276,-0.912501,-12.615761,0.35599,0.042376,0.073061
2.373000144958496,-3.961276,-0.912501,-12.615761,0.35599,0.042376,0.073061
2.373000144958496,-3.961276,-0.912501,-12.615761,0.35599,0.042376,0.073061
2.373000144958496,-3.961276,-0.912501,-12.615761,0.35599,0.042376,0.073061
2.373000144958496,-3.961276,-0.912501,-12.615761,0.35599,0.042376,0.073061
2.373000144958496,-3.961276,-0.912501,-12.615761,0.35599,0.042376,0.073061
2.373000144958496,-3.961276,-0.912501,-12.615761,0.35599,0.042376,0.073061
2.373000144958496,-3.961276,-0.912501,-12.615761,0.35599,0.042376,0.073061
2.373000144958496,-3.961276,-0.912501,-12.615761,0.35599,0.042376,0.073061
2.373000144958496,-3.961276,-0.912501,-12.615761,0.35599,0.042376,0.073061
2.373000144958496,-3.961276,-0.912501,-12.615761,0.35599,0.042376,0.073061
2.373000144958496,-3.961276,-0.912501,-12.615761,0.35599,0.042376,0.073061
2.373000144958496,-3.961276,-0.912501,-12.615761,0.35599,0.042376,0.073061
2.373000144958496,-3.961276,-0.912501,-12.615761,0.35599,0.042376,0.073061
2.373000144958496,-3.961276,-0.912501,-12.615761,0.35599,0.042376,0.073061
2.373000144958496,-3.961276,-0.912501,-12.615761,0.35599,0.042376,0.073061
2.373000144958496,-3.961276,-0.912501,-12.615761,0.35599,0.042376,0.073061
2.373000144958496,-3.961276,-0.912501,-12.615761,0.35599,0.042376,0.073061
2.373000144958496,-3.961276,-0.912501,-12.615761,0.35599,0.042376,0.073061
2.373000144958496,-3.961276,-0.912501,-12.615761,0.35599,0.042376,0.073061
2.373000144958496,-3.961276,-0.912501,-12.615761,0.35599,0.042376,0.073061
2.373000144958496,-3.961276,-0.912501,-12.615761,0.35599,0.042376,0.073061
2.373000144958496,-3.961276,-0.912501,-12.615761,0.35599,0.042376,0.073061
2.373000144958496,-3.961276,-0.912501,-12.615761,0.35599,0.042376,0.073061
2.373000144958496,-3.961276,-0.912501,-12.615761,0.35599,0.042376,0.073061
2.373000144958496,-3.961276,-0.912501,-12.615761,0.35599,0.042376,0.073061
2.373000144958496,-3.961276,-0.912501,-12.615761,0.35599,0.042376,0.073061
2.373000144958496,-3.961276,-0.912501,-12.615761,0.35599,0.042376,0.073061
2.373000144958496,-3.961276,-0.912501,-12.615761,0.35599,0.042376,0.073061
2.373000144958496,-3.961276,-0.912501,-12.615761,0.35599,0.042376,0.073061
2.373000144958496,-3.961276,-0.912501,-12.615761,0.35599,0.042376,0.073061
2.373000144958496,-3.961276,-0.912501,-12.615761,0.35599,0.042376,0.073061
2.373000144958496,-3.961276,-0.912501,-12.615761,0.35599,0.042376,0.073061
2.373000144958496,-3.961276,-0.912501,-12.615761,0.35599,0.042376,0.073061
2.373000144958496,-3.961276,-0.912501,-12.615761,0.35599,0.042376,0.073061
2.373000144958496,-3.961276,-0.912501,-12.615761,0.35599,0.042376,0.073061
2.373000144958496,-3.961276,-0.912501,-12.615761,0.35599,0.042376,0.073061
2.373000144958496,-3.961276,-0.912501,-12.615761,0.35599,0.042376,0.073061
2.373000144958496,-3.961276,-0.912501,-12.615761,0.35599,0.042376,0.073061
2.373000144958496,-3.961276,-0.912501,-12.615761,0.35599,0.042376,0.073061
2.373000144958496,-3.961276,-0.912501,-12.615761,0.35599,0.042376,0.073061
2.373000144958496,-3.961276,-0.912501,-12.615761,0.35599,0.042376,0.073061
2.373000144958496,-3.961276,-0.912501,-12.615761,0.35599,0.042376,0.073061
2.373000144958496,-3.961276,-0.912501,-12.615761,0.35599,0.042376,0.073061
2.373000144958496,-3.961276,-0.912501,-12.615761,0.35599,0.042376,0.073061
2.373000144958496,-3.961276,-0.912501,-12.615761,0.35599,0.042376,0.073061
2.373000144958496,-3.961276,-0.912501,-12.615761,0.35599,0.042376,0.073061
2.373000144958496,-3.961276,-0.912501,-12.615761,0.35599,0.042376,0.073061
2.373000144958496,-3.961276,-0.912501,-12.615761,0.35599,0.042376,0.073061
2.373000144958496,-3.961276,-0.912501,-12.615761,0.35599,0.042376,0.073061
2.373000144958496,-3.961276,-0.912501,-12.615761,0.35599,0.042376,0.073061
2.373000144958496,-3.961276,-0.912501,-12.615761,0.35599,0.042376,0.073061
2.373000144958496,-3.961276,-0.912501,-12.615761,0.35599,0.042376,0.073061
2.373000144958496,-3.961276,-0.912501,-12.615761,0.35599,0.042376,0.073061
2.373000144958496,-3.961276,-0.912501,-12.615761,0.35599,0.042376,0.073061
2.373000144958496,-3.961276,-0.912501,-12.615761,0.35599,0.042376,0.073061
2.373000144958496,-3.961276,-0.912501,-12.615761,0.35599,0.042376,0.073061
2.373000144958496,-3.961276,-0.912501,-12.615761,0.35599,0.042376,0.073061
2.373000144958496,-3.961276,-0.912501,-12.615761,0.35599,0.042376,0.073061
2.373000144958496,-3.961276,-0.912501,-12.615761,0.35599,0.042376,0.073061
2.373000144958496,-3.961276,-0.912501,-12.615761,0.35599,0.042376,0.073061
2.373000144958496,-3.961276,-0.912501,-12.615761,0.35599,0.042376,0.073061
2.373000144958496,-3.961276,-0.912501,-12.615761,0.35599,0.042376,0.073061
2.373000144958496,-3.961276,-0.912501,-12.615761,0.35599,0.042376,0.073061
2.373000144958496,-3.961276,-0.912501,-12.615761,0.35599,0.042376,0.073061
2.373000144958496,-3.961276,-0.912501,-12.615761,0.35599,0.042376,0.073061
2.373000144958496,-3.961276,-0.912501,-12.615761,0.35599,0.042376,0.073061
2.373000144958496,-3.961276,-0.912501,-12.615761,0.35599,0.042376,0.073061
2.373000144958496,-3.961276,-0.912501,-12.615761,0.35599,0.042376,0.073061
2.373000144958496,-3.961276,-0.912501,-12.615761,0.35599,0.042376,0.073061
2.373000144958496,-3.961276,-0.912501,-12.615761,0.35599,0.042376,0.073061
2.373000144958496,-3.961276,-0.912501,-12.615761,0.35599,0.042376,0.073061
2.373000144958496,-3.961276,-0.912501,-12.615761,0.35599,0.042376,0.073061
2.373000144958496,-3.961276,-0.912501,-12.615761,0.35599,0.042376,0.073061
2.373000144958496,-3.961276,-0.912501,-12.615761,0.35599,0.042376,0.073061
2.373000144958496,-3.961276,-0.912501,-12.615761,0.35599,0.042376,0.073061
2.373000144958496,-3.961276,-0.912501,-12.615761,0.35599,0.042376,0.073061
2.373000144958496,-3.961276,-0.912501,-12.615761,0.35599,0.042376,0.073061
2.373000144958496,-3.961276,-0.912501,-12.615761,0.35599,0.042376,0.073061
2.373000144958496,-3.961276,-0.912501,-12.615761,0.35599,0.042376,0.073061
2.373000144958496,-3.961276,-0.912501,-12.615761,0.35599,0.042376,0.073061
2.373000144958496,-3.961276,-0.912501,-12.615761,0.35599,0.042376,0.073061
2.373000144958496,-3.961276,-0.912501,-12.615761,0.35599,0.042376,0.073061
2.373000144958496,-3.961276,-0.912501,-12.615761,0.35599,0.042376,0.073061
2.373000144958496,-3.961276,-0.912501,-12.615761,0.35599,0.042376,0.073061
2.373000144958496,-3.961276,-0.912501,-12.615761,0.35599,0.042376,0.073061
2.373000144958496,-3.961276,-0.912501,-12.615761,0.35599,0.042376,0.073061
2.373000144958496,-3.961276,-0.912501,-12.615761,0.35599,0.042376,0.073061
2.373000144958496,-3.961276,-0.912501,-12.615761,0.35599,0.042376,0.073061
2.373000144958496,-3.961276,-0.912501,-12.615761,0.35599,0.042376,0.073061
2.373000144958496,-3.961276,-0.912501,-12.615761,0.35599,0.042376,0.073061
2.373000144958496,-3.961276,-0.912501,-12.615761,0.35599,0.042376,0.073061
2.373000144958496,-3.961276,-0.912501,-12.615761,0.35599,0.042376,0.073061
2.373000144958496,-3.961276,-0.912501,-12.615761,0.35599,0.042376,0.073061
2.373000144958496,-3.961276,-0.912501,-12.615761,0.35599,0.042376,0.073061
2.373000144958496,-3.961276,-0.912501,-12.615761,0.35599,0.042376,0.073061
2.373000144958496,-3.961276,-0.912501,-12.615761,0.35599,0.042376,0.073061
2.373000144958496,-3.961276,-0.912501,-12.615761,0.35599,0.042376,0.073061
2.373000144958496,-3.961276,-0.912501,-12.615761,0.35599,0.042376,0.073061
2.373000144958496,-3.961276,-0.912501,-12.615761,0.35599,0.042376,0.073061
2.373000144958496,-3.961276,-0.912501,-12.615761,0.35599,0.042376,0.073061
2.373000144958496,-3.961276,-0.912501,-12.615761,0.35599,0.042376,0.073061
2.373000144958496,-3.961276,-0.912501,-12.615761,0.35599,0.042376,0.073061
2.373000144958496,-3.961276,-0.912501,-12.615761,0.35599,0.042376,0.073061
2.373000144958496,-3.961276,-0.912501,-12.615761,0.35599,0.042376,0.073061
2.373000144958496,-3.961276,-0.912501,-12.615761,0.35599,0.042376,0.073061
2.373000144958496,-3.961276,-0.912501,-12.615761,0.35599,0.042376,0.073061
2.373000144958496,-3.961276,-0.912501,-12.615761,0.35599,0.042376,0.073061
2.373000144958496,-3.961276,-0.912501,-12.615761,0.35599,0.042376,0.073061
2.373000144958496,-3.961276,-0.912501,-12.615761,0.35599,0.042376,0.073061
2.373000144958496,-3.961276,-0.912501,-12.615761,0.35599,0.042376,0.073061
2.373000144958496,-3.961276,-0.912501,-12.615761,0.35599,0.042376,0.073061
2.373000144958496,-3.961276,-0.912501,-12.615761,0.35599,0.042376,0.073061
2.373000144958496,-3.961276,-0.912501,-12.615761,0.35599,0.042376,0.073061
2.373000144958496,-3.961276,-0.912501,-12.615761,0.35599,0.042376,0.073061
2.373000144958496,-3.961276,-0.912501,-12.615761,0.35599,0.042376,0.073061
2.373000144958496,-3.961276,-0.912501,-12.615761,0.35599,0.042376,0.073061
2.373000144958496,-3.961276,-0.912501,-12.615761,0.35599,0.042376,0.073061
2.373000144958496,-3.961276,-0.912501,-12.615761,0.35599,0.042376,0.073061
2.373000144958496,-3.961276,-0.912501,-12.615761,0.35599,0.042376,0.073061
2.373000144958496,-3.961276,-0.912501,-12.615761,0.35599,0.042376,0.073061
2.373000144958496,-3.961276,-0.912501,-12.615761,0.35599,0.042376,0.073061
2.373000144958496,-3.961276,-0.912501,-12.615761,0.35599,0.042376,0.073061
2.373000144958496,-3.961276,-0.912501,-12.615761,0.35599,0.042376,0.073061
2.373000144958496,-3.961276,-0.912501,-12.615761,0.35599,0.042376,0.073061
2.373000144958496,-3.961276,-0.912501,-12.615761,0.35599,0.042376,0.073061
2.373000144958496,-3.961276,-0.912501,-12.615761,0.35599,0.042376,0.073061
2.373000144958496,-3.961276,-0.912501,-12.615761,0.35599,0.042376,0.073061
2.373000144958496,-3.961276,-0.912501,-12.615761,0.35599,0.042376,0.073061
2.373000144958496,-3.961276,-0.912501,-12.615761,0.35599,0.042376,0.073061
2.373000144958496,-3.961276,-0.912501,-12.615761,0.35599,0.042376,0.073061
2.373000144958496,-3.961276,-0.912501,-12.615761,0.35599,0.042376,0.073061
2.373000144958496,-3.961276,-0.912501,-12.615761,0.35599,0.042376,0.073061
2.373000144958496,-3.961276,-0.912501,-12.615761,0.35599,0.042376,0.073061
2.373000144958496,-3.961276,-0.912501,-12.615761,0.35599,0.042376,0.073061
2.373000144958496,-3.961276,-0.912501,-12.615761,0.35599,0.042376,0.073061
2.373000144958496,-3.961276,-0.912501,-12.615761,0.35599,0.042376,0.073061
2.373000144958496,-3.961276,-0.912501,-12.615761,0.35599,0.042376,0.073061
2.373000144958496,-3.961276,-0.912501,-12.615761,0.35599,0.042376,0.073061
2.373000144958496,-3.961276,-0.912501,-12.615761,0.35599,0.042376,0.073061
2.373000144958496,-3.961276,-0.912501,-12.615761,0.35599,0.042376,0.073061
2.373000144958496,-3.961276,-0.912501,-12.615761,0.35599,0.042376,0.073061
2.373000144958496,-3.961276,-0.912501,-12.615761,0.35599,0.042376,0.073061
2.373000144958496,-3.961276,-0.912501,-12.615761,0.35599,0.042376,0.073061
2.373000144958496,-3.961276,-0.912501,-12.615761,0.35599,0.042376,0.073061
2.373000144958496,-3.961276,-0.912501,-12.615761,0.35599,0.042376,0.073061
2.373000144958496,-3.961276,-0.912501,-12.615761,0.35599,0.042376,0.073061
2.373000144958496,-3.961276,-0.912501,-12.615761,0.35599,0.042376,0.073061
2.373000144958496,-3.961276,-0.912501,-12.615761,0.35599,0.042376,0.073061
2.373000144958496,-3.961276,-0.912501,-12.615761,0.35599,0.042376,0.073061
2.373000144958496,-3.961276,-0.912501,-12.615761,0.35599,0.042376,0.073061
2.373000144958496,-3.961276,-0.912501,-12.615761,0.35599,0.042376,0.073061
2.373000144958496,-3.961276,-0.912501,-12.615761,0.35599,0.042376,0.073061
2.373000144958496,-3.961276,-0.912501,-12.615761,0.35599,0.042376,0.073061
2.373000144958496,-3.961276,-0.912501,-12.615761,0.35599,0.042376,0.073061
2.373000144958496,-3.961276,-0.912501,-12.615761,0.35599,0.042376,0.073061
2.373000144958496,-3.961276,-0.912501,-12.615761,0.35599,0.042376,0.073061
2.373000144958496,-3.961276,-0.912501,-12.615761,0.35599,0.042376,0.073061
2.373000144958496,-3.961276,-0.912501,-12.615761,0.35599,0.042376,0.073061
2.373000144958496,-3.961276,-0.912501,-12.615761,0.35599,0.042376,0.073061
2.373000144958496,-3.961276,-0.912501,-12.615761,0.35599,0.042376,0.073061
2.373000144958496,-3.961276,-0.912501,-12.615761,0.35599,0.042376,0.073061
2.373000144958496,-3.961276,-0.912501,-12.615761,0.35599,0.042376,0.073061
2.373000144958496,-3.961276,-0.912501,-12.615761,0.35599,0.042376,0.073061
2.373000144958496,-3.961276,-0.912501,-12.615761,0.35599,0.042376,0.073061
2.373000144958496,-3.961276,-0.912501,-12.615761,0.35599,0.042376,0.073061
2.373000144958496,-3.961276,-0.912501,-12.615761,0.35599,0.042376,0.073061
2.373000144958496,-3.961276,-0.912501,-12.615761,0.35599,0.042376,0.073061
2.373000144958496,-3.961276,-0.912501,-12.615761,0.35599,0.042376,0.073061
2.373000144958496,-3.961276,-0.912501,-12.615761,0.35599,0.042376,0.073061
2.373000144958496,-3.961276,-0.912501,-12.615761,0.35599,0.042376,0.073061
2.373000144958496,-3.961276,-0.912501,-12.615761,0.35599,0.042376,0.073061
2.373000144958496,-3.961276,-0.912501,-12.615761,0.35599,0.042376,0.073061
2.373000144958496,-3.961276,-0.912501,-12.615761,0.35599,0.042376,0.073061
2.373000144958496,-3.961276,-0.912501,-12.615761,0.35599,0.042376,0.073061
2.373000144958496,-3.961276,-0.912501,-12.615761,0.35599,0.042376,0.073061
2.373000144958496,-3.961276,-0.912501,-12.615761,0.35599,0.042376,0.073061
2.373000144958496,-3.961276,-0.912501,-12.615761,0.35599,0.042376,0.073061
2.373000144958496,-3.961276,-0.912501,-12.615761,0.35599,0.042376,0.073061
2.373000144958496,-3.961276,-0.912501,-12.615761,0.35599,0.042376,0.073061
2.373000144958496,-3.961276,-0.912501,-12.615761,0.35599,0.042376,0.073061
2.373000144958496,-3.961276,-0.912501,-12.615761,0.35599,0.042376,0.073061
2.373000144958496,-3.961276,-0.912501,-12.615761,0.35599,0.042376,0.073061
2.373000144958496,-3.961276,-0.912501,-12.615761,0.35599,0.042376,0.073061
2.373000144958496,-3.961276,-0.912501,-12.615761,0.35599,0.042376,0.073061
2.373000144958496,-3.961276,-0.912501,-12.615761,0.35599,0.042376,0.073061
2.373000144958496,-3.961276,-0.912501,-12.615761,0.35599,0.042376,0.073061
2.373000144958496,-3.961276,-0.912501,-12.615761,0.35599,0.042376,0.073061
2.373000144958496,-3.961276,-0.912501,-12.615761,0.35599,0.042376,0.073061
2.373000144958496,-3.961276,-0.912501,-12.615761,0.35599,0.042376,0.073061
2.373000144958496,-3.961276,-0.912501,-12.615761,0.35599,0.042376,0.073061
2.373000144958496,-3.961276,-0.912501,-12.615761,0.35599,0.042376,0.073061
2.373000144958496,-3.961276,-0.912501,-12.615761,0.35599,0.042376,0.073061
2.373000144958496,-3.961276,-0.912501,-12.615761,0.35599,0.042376,0.073061
2.373000144958496,-3.961276,-0.912501,-12.615761,0.35599,0.042376,0.073061
2.373000144958496,-3.961276,-0.912501,-12.615761,0.35599,0.042376,0.073061
2.373000144958496,-3.961276,-0.912501,-12.615761,0.35599,0.042376,0.073061
2.373000144958496,-3.961276,-0.912501,-12.615761,0.35599,0.042376,0.073061
2.373000144958496,-3.961276,-0.912501,-12.615761,0.35599,0.042376,0.073061
2.373000144958496,-3.961276,-0.912501,-12.615761,0.35599,0.042376,0.073061
2.373000144958496,-3.961276,-0.912501,-12.615761,0.35599,0.042376,0.073061
2.373000144958496,-3.961276,-0.912501,-12.615761,0.35599,0.042376,0.073061
2.373000144958496,-3.961276,-0.912501,-12.615761,0.35599,0.042376,0.073061
2.373000144958496,-3.961276,-0.912501,-12.615761,0.35599,0.042376,0.073061
2.373000144958496,-3.961276,-0.912501,-12.615761,0.35599,0.042376,0.073061
2.373000144958496,-3.961276,-0.912501,-12.615761,0.35599,0.042376,0.073061
2.373000144958496,-3.961276,-0.912501,-12.615761,0.35599,0.042376,0.073061
2.373000144958496,-3.961276,-0.912501,-12.615761,0.35599,0.042376,0.073061
2.373000144958496,-3.961276,-0.912501,-12.615761,0.35599,0.042376,0.073061
2.373000144958496,-3.961276,-0.912501,-12.615761,0.35599,0.042376,0.073061
2.373000144958496,-3.961276,-0.912501,-12.615761,0.35599,0.042376,0.073061
2.373000144958496,-3.961276,-0.912501,-12.615761,0.35599,0.042376,0.073061
2.373000144958496,-3.961276,-0.912501,-12.615761,0.35599,0.042376,0.073061
2.373000144958496,-3.961276,-0.912501,-12.615761,0.35599,0.042376,0.073061
2.373000144958496,-3.961276,-0.912501,-12.615761,0.35599,0.042376,0.073061
2.373000144958496,-3.961276,-0.912501,-12.615761,0.35599,0.042376,0.073061
2.373000144958496,-3.961276,-0.912501,-12.615761,0.35599,0.042376,0.073061
2.373000144958496,-3.961276,-0.912501,-12.615761,0.35599,0.042376,0.073061
2.373000144958496,-3.961276,-0.912501,-12.615761,0.35599,0.042376,0.073061
2.373000144958496,-3.961276,-0.912501,-12.615761,0.35599,0.042376,0.073061
2.373000144958496,-3.961276,-0.912501,-12.615761,0.35599,0.042376,0.073061
2.373000144958496,-3.961276,-0.912501,-12.615761,0.35599,0.042376,0.073061
2.373000144958496,-3.961276,-0.912501,-12.615761,0.35599,0.042376,0.073061
2.373000144958496,-3.961276,-0.912501,-12.615761,0.35599,0.042376,0.073061
2.373000144958496,-3.961276,-0.912501,-12.615761,0.35599,0.042376,0.073061
2.373000144958496,-3.961276,-0.912501,-12.615761,0.35599,0.042376,0.073061
2.373000144958496,-3.961276,-0.912501,-12.615761,0.35599,0.042376,0.073061
2.373000144958496,-3.961276,-0.912501,-12.615761,0.35599,0.042376,0.073061
2.373000144958496,-3.961276,-0.912501,-12.615761,0.35599,0.042376,0.073061
2.373000144958496,-3.961276,-0.912501,-12.615761,0.35599,0.042376,0.073061
2.373000144958496,-3.961276,-0.912501,-12.615761,0.35599,0.042376,0.073061
2.373000144958496,-3.961276,-0.912501,-12.615761,0.35599,0.042376,0.073061
2.373000144958496,-3.961276,-0.912501,-12.615761,0.35599,0.042376,0.073061
2.373000144958496,-3.961276,-0.912501,-12.615761,0.35599,0.042376,0.073061
2.373000144958496,-3.961276,-0.912501,-12.615761,0.35599,0.042376,0.073061
2.373000144958496,-3.961276,-0.912501,-12.615761,0.35599,0.042376,0.073061
2.373000144958496,-3.961276,-0.912501,-12.615761,0.35599,0.042376,0.073061
2.373000144958496,-3.961276,-0.912501,-12.615761,0.35599,0.042376,0.073061
2.373000144958496,-3.961276,-0.912501,-12.615761,0.35599,0.042376,0.073061
2.373000144958496,-3.961276,-0.912501,-12.615761,0.35599,0.042376,0.073061
2.373000144958496,-3.961276,-0.912501,-12.615761,0.35599,0.042376,0.073061
2.373000144958496,-3.961276,-0.912501,-12.615761,0.35599,0.042376,0.073061
2.373000144958496,-3.961276,-0.912501,-12.615761,0.35599,0.042376,0.073061
2.373000144958496,-3.961276,-0.912501,-12.615761,0.35599,0.042376,0.073061
2.373000144958496,-3.961276,-0.912501,-12.615761,0.35599,0.042376,0.073061
2.373000144958496,-3.961276,-0.912501,-12.615761,0.35599,0.042376,0.073061
2.373000144958496,-3.961276,-0.912501,-12.615761,0.35599,0.042376,0.073061
2.373000144958496,-3.961276,-0.912501,-12.615761,0.35599,0.042376,0.073061
2.373000144958496,-3.961276,-0.912501,-12.615761,0.35599,0.042376,0.073061
2.373000144958496,-3.961276,-0.912501,-12.615761,0.35599,0.042376,0.073061
2.373000144958496,-3.961276,-0.912501,-12.615761,0.35599,0.042376,0.073061
2.373000144958496,-3.961276,-0.912501,-12.615761,0.35599,0.042376,0.073061
2.373000144958496,-3.961276,-0.912501,-12.615761,0.35599,0.042376,0.073061
2.373000144958496,-3.961276,-0.912501,-12.615761,0.35599,0.042376,0.073061
2.373000144958496,-3.961276,-0.912501,-12.615761,0.35599,0.042376,0.073061
2.373000144958496,-3.961276,-0.912501,-12.615761,0.35599,0.042376,0.073061
2.373000144958496,-3.961276,-0.912501,-12.615761,0.35599,0.042376,0.073061
2.373000144958496,-3.961276,-0.912501,-12.615761,0.35599,0.042376,0.073061
2.373000144958496,-3.961276,-0.912501,-12.615761,0.35599,0.042376,0.073061
2.373000144958496,-3.961276,-0.912501,-12.615761,0.35599,0.042376,0.073061
2.373000144958496,-3.961276,-0.912501,-12.615761,0.35599,0.042376,0.073061
2.373000144958496,-3.961276,-0.912501,-12.615761,0.35599,0.042376,0.073061
2.373000144958496,-3.961276,-0.912501,-12.615761,0.35599,0.042376,0.073061
2.373000144958496,-3.961276,-0.912501,-12.615761,0.35599,0.042376,0.073061
2.373000144958496,-3.961276,-0.912501,-12.615761,0.35599,0.042376,0.073061
2.373000144958496,-3.961276,-0.912501,-12.615761,0.35599,0.042376,0.073061
2.373000144958496,-3.961276,-0.912501,-12.615761,0.35599,0.042376,0.073061
2.373000144958496,-3.961276,-0.912501,-12.615761,0.35599,0.042376,0.073061
2.373000144958496,-3.961276,-0.912501,-12.615761,0.35599,0.042376,0.073061
2.373000144958496,-3.961276,-0.912501,-12.615761,0.35599,0.042376,0.073061
2.373000144958496,-3.961276,-0.912501,-12.615761,0.35599,0.042376,0.073061
2.373000144958496,-3.961276,-0.912501,-12.615761,0.35599,0.042376,0.073061
2.373000144958496,-3.961276,-0.912501,-12.615761,0.35599,0.042376,0.073061
2.373000144958496,-3.961276,-0.912501,-12.615761,0.35599,0.042376,0.073061
2.373000144958496,-3.961276,-0.912501,-12.615761,0.35599,0.042376,0.073061
2.373000144958496,-3.961276,-0.912501,-12.615761,0.35599,0.042376,0.073061
2.373000144958496,-3.961276,-0.912501,-12.615761,0.35599,0.042376,0.073061
2.373000144958496,-3.961276,-0.912501,-12.615761,0.35599,0.042376,0.073061
2.373000144958496,-3.961276,-0.912501,-12.615761,0.35599,0.042376,0.073061
2.373000144958496,-3.961276,-0.912501,-12.615761,0.35599,0.042376,0.073061
2.373000144958496,-3.961276,-0.912501,-12.615761,0.35599,0.042376,0.073061
2.373000144958496,-3.961276,-0.912501,-12.615761,0.35599,0.042376,0.073061
2.373000144958496,-3.961276,-0.912501,-12.615761,0.35599,0.042376,0.073061
2.373000144958496,-3.961276,-0.912501,-12.615761,0.35599,0.042376,0.073061
2.373000144958496,-3.961276,-0.912501,-12.615761,0.35599,0.042376,0.073061
2.373000144958496,-3.961276,-0.912501,-12.615761,0.35599,0.042376,0.073061
2.373000144958496,-3.961276,-0.912501,-12.615761,0.35599,0.042376,0.073061
2.373000144958496,-3.961276,-0.912501,-12.615761,0.35599,0.042376,0.073061
2.373000144958496,-3.961276,-0.912501,-12.615761,0.35599,0.042376,0.073061
2.373000144958496,-3.961276,-0.912501,-12.615761,0.35599,0.042376,0.073061
2.373000144958496,-3.961276,-0.912501,-12.615761,0.35599,0.042376,0.073061
2.373000144958496,-3.961276,-0.912501,-12.615761,0.35599,0.042376,0.073061
2.373000144958496,-3.961276,-0.912501,-12.615761,0.35599,0.042376,0.073061
2.373000144958496,-3.961276,-0.912501,-12.615761,0.35599,0.042376,0.073061
2.373000144958496,-3.961276,-0.912501,-12.615761,0.35599,0.042376,0.073061
2.373000144958496,-3.961276,-0.912501,-12.615761,0.35599,0.042376,0.073061
2.373000144958496,-3.961276,-0.912501,-12.615761,0.35599,0.042376,0.073061
2.373000144958496,-3.961276,-0.912501,-12.615761,0.35599,0.042376,0.073061
2.373000144958496,-3.961276,-0.912501,-12.615761,0.35599,0.042376,0.073061
2.373000144958496,-3.961276,-0.912501,-12.615761,0.35599,0.042376,0.073061
2.373000144958496,-3.961276,-0.912501,-12.615761,0.35599,0.042376,0.073061
2.373000144958496,-3.961276,-0.912501,-12.615761,0.35599,0.042376,0.073061
2.373000144958496,-3.961276,-0.912501,-12.615761,0.35599,0.042376,0.073061
2.373000144958496,-3.961276,-0.912501,-12.615761,0.35599,0.042376,0.073061
2.373000144958496,-3.961276,-0.912501,-12.615761,0.35599,0.042376,0.073061
2.373000144958496,-3.961276,-0.912501,-12.615761,0.35599,0.042376,0.073061
2.373000144958496,-3.961276,-0.912501,-12.615761,0.35599,0.042376,0.073061
2.373000144958496,-3.961276,-0.912501,-12.615761,0.35599,0.042376,0.073061
2.373000144958496,-3.961276,-0.912501,-12.615761,0.35599,0.042376,0.073061
2.373000144958496,-3.961276,-0.912501,-12.615761,0.35599,0.042376,0.073061
2.373000144958496,-3.961276,-0.912501,-12.615761,0.35599,0.042376,0.073061
2.373000144958496,-3.961276,-0.912501,-12.615761,0.35599,0.042376,0.073061
2.373000144958496,-3.961276,-0.912501,-12.615761,0.35599,0.042376,0.073061
2.373000144958496,-3.961276,-0.912501,-12.615761,0.35599,0.042376,0.073061
2.373000144958496,-3.961276,-0.912501,-12.615761,0.35599,0.042376,0.073061
2.373000144958496,-3.961276,-0.912501,-12.615761,0.35599,0.042376,0.073061
2.373000144958496,-3.961276,-0.912501,-12.615761,0.35599,0.042376,0.073061
2.373000144958496,-3.961276,-0.912501,-12.615761,0.35599,0.042376,0.073061
2.373000144958496,-3.961276,-0.912501,-12.615761,0.35599,0.042376,0.073061
2.373000144958496,-3.961276,-0.912501,-12.615761,0.35599,0.042376,0.073061
2.373000144958496,-3.961276,-0.912501,-12.615761,0.35599,0.042376,0.073061
2.373000144958496,-3.961276,-0.912501,-12.615761,0.35599,0.042376,0.073061
2.373000144958496,-3.961276,-0.912501,-12.615761,0.35599,0.042376,0.073061
2.373000144958496,-3.961276,-0.912501,-12.615761,0.35599,0.042376,0.073061
2.373000144958496,-3.961276,-0.912501,-12.615761,0.35599,0.042376,0.073061
2.373000144958496,-3.961276,-0.912501,-12.615761,0.35599,0.042376,0.073061
2.373000144958496,-3.961276,-0.912501,-12.615761,0.35599,0.042376,0.073061
2.373000144958496,-3.961276,-0.912501,-12.615761,0.35599,0.042376,0.073061
2.373000144958496,-3.961276,-0.912501,-12.615761,0.35599,0.042376,0.073061
2.373000144958496,-3.961276,-0.912501,-12.615761,0.35599,0.042376,0.073061
2.373000144958496,-3.961276,-0.912501,-12.615761,0.35599,0.042376,0.073061
2.373000144958496,-3.961276,-0.912501,-12.615761,0.35599,0.042376,0.073061
2.373000144958496,-3.961276,-0.912501,-12.615761,0.35599,0.042376,0.073061
2.373000144958496,-3.961276,-0.912501,-12.615761,0.35599,0.042376,0.073061
2.373000144958496,-3.961276,-0.912501,-12.615761,0.35599,0.042376,0.073061
2.373000144958496,-3.961276,-0.912501,-12.615761,0.35599,0.042376,0.073061
2.373000144958496,-3.961276,-0.912501,-12.615761,0.35599,0.042376,0.073061
2.373000144958496,-3.961276,-0.912501,-12.615761,0.35599,0.042376,0.073061
2.373000144958496,-3.961276,-0.912501,-12.615761,0.35599,0.042376,0.073061
2.373000144958496,-3.961276,-0.912501,-12.615761,0.35599,0.042376,0.073061
2.373000144958496,-3.961276,-0.912501,-12.615761,0.35599,0.042376,0.073061
2.373000144958496,-3.961276,-0.912501,-12.615761,0.35599,0.042376,0.073061
2.373000144958496,-3.961276,-0.912501,-12.615761,0.35599,0.042376,0.073061
2.373000144958496,-3.961276,-0.912501,-12.615761,0.35599,0.042376,0.073061
2.373000144958496,-3.961276,-0.912501,-12.615761,0.35599,0.042376,0.073061
2.373000144958496,-3.961276,-0.912501,-12.615761,0.35599,0.042376,0.073061
2.373000144958496,-3.961276,-0.912501,-12.615761,0.35599,0.042376,0.073061
2.373000144958496,-3.961276,-0.912501,-12.615761,0.35599,0.042376,0.073061
2.373000144958496,-3.961276,-0.912501,-12.615761,0.35599,0.042376,0.073061
2.373000144958496,-3.961276,-0.912501,-12.615761,0.35599,0.042376,0.073061
2.373000144958496,-3.961276,-0.912501,-12.615761,0.35599,0.042376,0.073061
2.373000144958496,-3.961276,-0.912501,-12.615761,0.35599,0.042376,0.073061
2.373000144958496,-3.961276,-0.912501,-12.615761,0.35599,0.042376,0.073061
2.373000144958496,-3.961276,-0.912501,-12.615761,0.35599,0.042376,0.073061
2.373000144958496,-3.961276,-0.912501,-12.615761,0.35599,0.042376,0.073061
2.373000144958496,-3.961276,-0.912501,-12.615761,0.35599,0.042376,0.073061
2.373000144958496,-3.961276,-0.912501,-12.615761,0.35599,0.042376,0.073061
2.373000144958496,-3.961276,-0.912501,-12.615761,0.35599,0.042376,0.073061
2.373000144958496,-3.961276,-0.912501,-12.615761,0.35599,0.042376,0.073061
2.373000144958496,-3.961276,-0.912501,-12.615761,0.35599,0.042376,0.073061
2.373000144958496,-3.961276,-0.912501,-12.615761,0.35599,0.042376,0.073061
2.373000144958496,-3.961276,-0.912501,-12.615761,0.35599,0.042376,0.073061
2.373000144958496,-3.961276,-0.912501,-12.615761,0.35599,0.042376,0.073061
2.373000144958496,-3.961276,-0.912501,-12.615761,0.35599,0.042376,0.073061
2.373000144958496,-3.961276,-0.912501,-12.615761,0.35599,0.042376,0.073061
2.373000144958496,-3.961276,-0.912501,-12.615761,0.35599,0.042376,0.073061
2.373000144958496,-3.961276,-0.912501,-12.615761,0.35599,0.042376,0.073061
2.373000144958496,-3.961276,-0.912501,-12.615761,0.35599,0.042376,0.073061
2.373000144958496,-3.961276,-0.912501,-12.615761,0.35599,0.042376,0.073061
2.373000144958496,-3.961276,-0.912501,-12.615761,0.35599,0.042376,0.073061
2.373000144958496,-3.961276,-0.912501,-12.615761,0.35599,0.042376,0.073061
2.373000144958496,-3.961276,-0.912501,-12.615761,0.35599,0.042376,0.073061
2.373000144958496,-3.961276,-0.912501,-12.615761,0.35599,0.042376,0.073061
2.373000144958496,-3.961276,-0.912501,-12.615761,0.35599,0.042376,0.073061
2.373000144958496,-3.961276,-0.912501,-12.615761,0.35599,0.042376,0.073061
2.373000144958496,-3.961276,-0.912501,-12.615761,0.35599,0.042376,0.073061
2.373000144958496,-3.961276,-0.912501,-12.615761,0.35599,0.042376,0.073061
2.373000144958496,-3.961276,-0.912501,-12.615761,0.35599,0.042376,0.073061
2.373000144958496,-3.961276,-0.912501,-12.615761,0.35599,0.042376,0.073061
2.373000144958496,-3.961276,-0.912501,-12.615761,0.35599,0.042376,0.073061
2.373000144958496,-3.961276,-0.912501,-12.615761,0.35599,0.042376,0.073061
2.373000144958496,-3.961276,-0.912501,-12.615761,0.35599,0.042376,0.073061
2.373000144958496,-3.961276,-0.912501,-12.615761,0.35599,0.042376,0.073061
2.373000144958496,-3.961276,-0.912501,-12.615761,0.35599,0.042376,0.073061
2.373000144958496,-3.961276,-0.912501,-12.615761,0.35599,0.042376,0.073061
2.373000144958496,-3.961276,-0.912501,-12.615761,0.35599,0.042376,0.073061
2.373000144958496,-3.961276,-0.912501,-12.615761,0.35599,0.042376,0.073061
2.373000144958496,-3.961276,-0.912501,-12.615761,0.35599,0.042376,0.073061
2.373000144958496,-3.961276,-0.912501,-12.615761,0.35599,0.042376,0.073061
2.373000144958496,-3.961276,-0.912501,-12.615761,0.35599,0.042376,0.073061
2.373000144958496,-3.961276,-0.912501,-12.615761,0.35599,0.042376,0.073061
2.373000144958496,-3.961276,-0.912501,-12.615761,0.35599,0.042376,0.073061
2.373000144958496,-3.961276,-0.912501,-12.615761,0.35599,0.042376,0.073061
2.373000144958496,-3.961276,-0.912501,-12.615761,0.35599,0.042376,0.073061
2.373000144958496,-3.961276,-0.912501,-12.615761,0.35599,0.042376,0.073061
2.373000144958496,-3.961276,-0.912501,-12.615761,0.35599,0.042376,0.073061
2.373000144958496,-3.961276,-0.912501,-12.615761,0.35599,0.042376,0.073061
2.373000144958496,-3.961276,-0.912501,-12.615761,0.35599,0.042376,0.073061
2.373000144958496,-3.961276,-0.912501,-12.615761,0.35599,0.042376,0.073061
2.373000144958496,-3.961276,-0.912501,-12.615761,0.35599,0.042376,0.073061
2.373000144958496,-3.961276,-0.912501,-12.615761,0.35599,0.042376,0.073061
2.373000144958496,-3.961276,-0.912501,-12.615761,0.35599,0.042376,0.073061
2.373000144958496,-3.961276,-0.912501,-12.615761,0.35599,0.042376,0.073061
2.373000144958496,-3.961276,-0.912501,-12.615761,0.35599,0.042376,0.073061
2.373000144958496,-3.961276,-0.912501,-12.615761,0.35599,0.042376,0.073061
2.373000144958496,-3.961276,-0.912501,-12.615761,0.35599,0.042376,0.073061
2.373000144958496,-3.961276,-0.912501,-12.615761,0.35599,0.042376,0.073061
2.373000144958496,-3.961276,-0.912501,-12.615761,0.35599,0.042376,0.073061
2.373000144958496,-3.961276,-0.912501,-12.615761,0.35599,0.042376,0.073061
2.373000144958496,-3.961276,-0.912501,-12.615761,0.35599,0.042376,0.073061
2.373000144958496,-3.961276,-0.912501,-12.615761,0.35599,0.042376,0.073061
2.373000144958496,-3.961276,-0.912501,-12.615761,0.35599,0.042376,0.073061
2.373000144958496,-3.961276,-0.912501,-12.615761,0.35599,0.042376,0.073061
2.373000144958496,-3.961276,-0.912501,-12.615761,0.35599,0.042376,0.073061
2.373000144958496,-3.961276,-0.912501,-12.615761,0.35599,0.042376,0.073061
2.373000144958496,-3.961276,-0.912501,-12.615761,0.35599,0.042376,0.073061
2.373000144958496,-3.961276,-0.912501,-12.615761,0.35599,0.042376,0.073061
2.373000144958496,-3.961276,-0.912501,-12.615761,0.35599,0.042376,0.073061
2.373000144958496,-3.961276,-0.912501,-12.615761,0.35599,0.042376,0.073061
2.373000144958496,-3.961276,-0.912501,-12.615761,0.35599,0.042376,0.073061
2.373000144958496,-3.961276,-0.912501,-12.615761,0.35599,0.042376,0.073061
2.373000144958496,-3.961276,-0.912501,-12.615761,0.35599,0.042376,0.073061
2.373000144958496,-3.961276,-0.912501,-12.615761,0.35599,0.042376,0.073061
2.373000144958496,-3.961276,-0.912501,-12.615761,0.35599,0.042376,0.073061
2.373000144958496,-3.961276,-0.912501,-12.615761,0.35599,0.042376,0.073061
2.373000144958496,-3.961276,-0.912501,-12.615761,0.35599,0.042376,0.073061
2.373000144958496,-3.961276,-0.912501,-12.615761,0.35599,0.042376,0.073061
2.373000144958496,-3.961276,-0.912501,-12.615761,0.35599,0.042376,0.073061
2.373000144958496,-3.961276,-0.912501,-12.615761,0.35599,0.042376,0.073061
2.373000144958496,-3.961276,-0.912501,-12.615761,0.35599,0.042376,0.073061
2.373000144958496,-3.961276,-0.912501,-12.615761,0.35599,0.042376,0.073061
2.373000144958496,-3.961276,-0.912501,-12.615761,0.35599,0.042376,0.073061
2.373000144958496,-3.961276,-0.912501,-12.615761,0.35599,0.042376,0.073061
2.373000144958496,-3.961276,-0.912501,-12.615761,0.35599,0.042376,0.073061
2.373000144958496,-3.961276,-0.912501,-12.615761,0.35599,0.042376,0.073061
2.373000144958496,-3.961276,-0.912501,-12.615761,0.35599,0.042376,0.073061
2.373000144958496,-3.961276,-0.912501,-12.615761,0.35599,0.042376,0.073061
2.373000144958496,-3.961276,-0.912501,-12.615761,0.35599,0.042376,0.073061
2.373000144958496,-3.961276,-0.912501,-12.615761,0.35599,0.042376,0.073061
2.373000144958496,-3.961276,-0.912501,-12.615761,0.35599,0.042376,0.073061
2.373000144958496,-3.961276,-0.912501,-12.615761,0.35599,0.042376,0.073061
2.373000144958496,-3.961276,-0.912501,-12.615761,0.35599,0.042376,0.073061
2.373000144958496,-3.961276,-0.912501,-12.615761,0.35599,0.042376,0.073061
2.373000144958496,-3.961276,-0.912501,-12.615761,0.35599,0.042376,0.073061
2.373000144958496,-3.961276,-0.912501,-12.615761,0.35599,0.042376,0.073061
2.373000144958496,-3.961276,-0.912501,-12.615761,0.35599,0.042376,0.073061
2.373000144958496,-3.961276,-0.912501,-12.615761,0.35599,0.042376,0.073061
2.373000144958496,-3.961276,-0.912501,-12.615761,0.35599,0.042376,0.073061
2.373000144958496,-3.961276,-0.912501,-12.615761,0.35599,0.042376,0.073061
2.373000144958496,-3.961276,-0.912501,-12.615761,0.35599,0.042376,0.073061
2.373000144958496,-3.961276,-0.912501,-12.615761,0.35599,0.042376,0.073061
2.373000144958496,-3.961276,-0.912501,-12.615761,0.35599,0.042376,0.073061
2.373000144958496,-3.961276,-0.912501,-12.615761,0.35599,0.042376,0.073061
2.373000144958496,-3.961276,-0.912501,-12.615761,0.35599,0.042376,0.073061
2.373000144958496,-3.961276,-0.912501,-12.615761,0.35599,0.042376,0.073061
2.373000144958496,-3.961276,-0.912501,-12.615761,0.35599,0.042376,0.073061
2.373000144958496,-3.961276,-0.912501,-12.615761,0.35599,0.042376,0.073061
2.373000144958496,-3.961276,-0.912501,-12.615761,0.35599,0.042376,0.073061
2.373000144958496,-3.961276,-0.912501,-12.615761,0.35599,0.042376,0.073061
2.373000144958496,-3.961276,-0.912501,-12.615761,0.35599,0.042376,0.073061
2.373000144958496,-3.961276,-0.912501,-12.615761,0.35599,0.042376,0.073061
2.373000144958496,-3.961276,-0.912501,-12.615761,0.35599,0.042376,0.073061
2.373000144958496,-3.961276,-0.912501,-12.615761,0.35599,0.042376,0.073061
2.373000144958496,-3.961276,-0.912501,-12.615761,0.35599,0.042376,0.073061
2.373000144958496,-3.961276,-0.912501,-12.615761,0.35599,0.042376,0.073061
2.373000144958496,-3.961276,-0.912501,-12.615761,0.35599,0.042376,0.073061
2.373000144958496,-3.961276,-0.912501,-12.615761,0.35599,0.042376,0.073061
2.373000144958496,-3.961276,-0.912501,-12.615761,0.35599,0.042376,0.073061
2.373000144958496,-3.961276,-0.912501,-12.615761,0.35599,0.042376,0.073061
2.373000144958496,-3.961276,-0.912501,-12.615761,0.35599,0.042376,0.073061
2.373000144958496,-3.961276,-0.912501,-12.615761,0.35599,0.042376,0.073061
2.373000144958496,-3.961276,-0.912501,-12.615761,0.35599,0.042376,0.073061
2.373000144958496,-3.961276,-0.912501,-12.615761,0.35599,0.042376,0.073061
2.373000144958496,-3.961276,-0.912501,-12.615761,0.35599,0.042376,0.073061
2.373000144958496,-3.961276,-0.912501,-12.615761,0.35599,0.042376,0.073061
2.373000144958496,-3.961276,-0.912501,-12.615761,0.35599,0.042376,0.073061
2.373000144958496,-3.961276,-0.912501,-12.615761,0.35599,0.042376,0.073061
2.373000144958496,-3.961276,-0.912501,-12.615761,0.35599,0.042376,0.073061
2.373000144958496,-3.961276,-0.912501,-12.615761,0.35599,0.042376,0.073061
2.373000144958496,-3.961276,-0.912501,-12.615761,0.35599,0.042376,0.073061
2.373000144958496,-3.961276,-0.912501,-12.615761,0.35599,0.042376,0.073061
2.373000144958496,-3.961276,-0.912501,-12.615761,0.35599,0.042376,0.073061
2.373000144958496,-3.961276,-0.912501,-12.615761,0.35599,0.042376,0.073061
2.373000144958496,-3.961276,-0.912501,-12.615761,0.35599,0.042376,0.073061
2.373000144958496,-3.961276,-0.912501,-12.615761,0.35599,0.042376,0.073061
2.373000144958496,-3.961276,-0.912501,-12.615761,0.35599,0.042376,0.073061
2.373000144958496,-3.961276,-0.912501,-12.615761,0.35599,0.042376,0.073061
2.373000144958496,-3.961276,-0.912501,-12.615761,0.35599,0.042376,0.073061
2.373000144958496,-3.961276,-0.912501,-12.615761,0.35599,0.042376,0.073061
2.373000144958496,-3.961276,-0.912501,-12.615761,0.35599,0.042376,0.073061
2.373000144958496,-3.961276,-0.912501,-12.615761,0.35599,0.042376,0.073061
2.373000144958496,-3.961276,-0.912501,-12.615761,0.35599,0.042376,0.073061
2.373000144958496,-3.961276,-0.912501,-12.615761,0.35599,0.042376,0.073061
2.373000144958496,-3.961276,-0.912501,-12.615761,0.35599,0.042376,0.073061
2.373000144958496,-3.961276,-0.912501,-12.615761,0.35599,0.042376,0.073061
2.373000144958496,-3.961276,-0.912501,-12.615761,0.35599,0.042376,0.073061
2.373000144958496,-3.961276,-0.912501,-12.615761,0.35599,0.042376,0.073061
2.373000144958496,-3.961276,-0.912501,-12.615761,0.35599,0.042376,0.073061
2.373000144958496,-3.961276,-0.912501,-12.615761,0.35599,0.042376,0.073061
2.373000144958496,-3.961276,-0.912501,-12.615761,0.35599,0.042376,0.073061
2.373000144958496,-3.961276,-0.912501,-12.615761,0.35599,0.042376,0.073061
2.373000144958496,-3.961276,-0.912501,-12.615761,0.35599,0.042376,0.073061
2.373000144958496,-3.961276,-0.912501,-12.615761,0.35599,0.042376,0.073061
2.373000144958496,-3.961276,-0.912501,-12.615761,0.35599,0.042376,0.073061
2.373000144958496,-3.961276,-0.912501,-12.615761,0.35599,0.042376,0.073061
2.373000144958496,-3.961276,-0.912501,-12.615761,0.35599,0.042376,0.073061
2.373000144958496,-3.961276,-0.912501,-12.615761,0.35599,0.042376,0.073061
2.373000144958496,-3.961276,-0.912501,-12.615761,0.35599,0.042376,0.073061
2.373000144958496,-3.961276,-0.912501,-12.615761,0.35599,0.042376,0.073061
2.373000144958496,-3.961276,-0.912501,-12.615761,0.35599,0.042376,0.073061
2.373000144958496,-3.961276,-0.912501,-12.615761,0.35599,0.042376,0.073061
2.373000144958496,-3.961276,-0.912501,-12.615761,0.35599,0.042376,0.073061
2.373000144958496,-3.961276,-0.912501,-12.615761,0.35599,0.042376,0.073061
2.373000144958496,-3.961276,-0.912501,-12.615761,0.35599,0.042376,0.073061
2.373000144958496,-3.961276,-0.912501,-12.615761,0.35599,0.042376,0.073061
2.373000144958496,-3.961276,-0.912501,-12.615761,0.35599,0.042376,0.073061
2.373000144958496,-3.961276,-0.912501,-12.615761,0.35599,0.042376,0.073061
2.373000144958496,-3.961276,-0.912501,-12.615761,0.35599,0.042376,0.073061
2.373000144958496,-3.961276,-0.912501,-12.615761,0.35599,0.042376,0.073061
2.373000144958496,-3.961276,-0.912501,-12.615761,0.35599,0.042376,0.073061
2.373000144958496,-3.961276,-0.912501,-12.615761,0.35599,0.042376,0.073061
2.373000144958496,-3.961276,-0.912501,-12.615761,0.35599,0.042376,0.073061
2.373000144958496,-3.961276,-0.912501,-12.615761,0.35599,0.042376,0.073061
2.373000144958496,-3.961276,-0.912501,-12.615761,0.35599,0.042376,0.073061
2.373000144958496,-3.961276,-0.912501,-12.615761,0.35599,0.042376,0.073061
2.373000144958496,-3.961276,-0.912501,-12.615761,0.35599,0.042376,0.073061
2.373000144958496,-3.961276,-0.912501,-12.615761,0.35599,0.042376,0.073061
2.373000144958496,-3.961276,-0.912501,-12.615761,0.35599,0.042376,0.073061
2.373000144958496,-3.961276,-0.912501,-12.615761,0.35599,0.042376,0.073061
2.373000144958496,-3.961276,-0.912501,-12.615761,0.35599,0.042376,0.073061
2.373000144958496,-3.961276,-0.912501,-12.615761,0.35599,0.042376,0.073061
2.373000144958496,-3.961276,-0.912501,-12.615761,0.35599,0.042376,0.073061
2.373000144958496,-3.961276,-0.912501,-12.615761,0.35599,0.042376,0.073061
2.373000144958496,-3.961276,-0.912501,-12.615761,0.35599,0.042376,0.073061
2.373000144958496,-3.961276,-0.912501,-12.615761,0.35599,0.042376,0.073061
2.373000144958496,-3.961276,-0.912501,-12.615761,0.35599,0.042376,0.073061
2.373000144958496,-3.961276,-0.912501,-12.615761,0.35599,0.042376,0.073061
2.373000144958496,-3.961276,-0.912501,-12.615761,0.35599,0.042376,0.073061
2.373000144958496,-3.961276,-0.912501,-12.615761,0.35599,0.042376,0.073061
2.373000144958496,-3.961276,-0.912501,-12.615761,0.35599,0.042376,0.073061
2.373000144958496,-3.961276,-0.912501,-12.615761,0.35599,0.042376,0.073061
2.373000144958496,-3.961276,-0.912501,-12.615761,0.35599,0.042376,0.073061
2.373000144958496,-3.961276,-0.912501,-12.615761,0.35599,0.042376,0.073061
2.373000144958496,-3.961276,-0.912501,-12.615761,0.35599,0.042376,0.073061
2.373000144958496,-3.961276,-0.912501,-12.615761,0.35599,0.042376,0.073061
2.373000144958496,-3.961276,-0.912501,-12.615761,0.35599,0.042376,0.073061
2.373000144958496,-3.961276,-0.912501,-12.615761,0.35599,0.042376,0.073061
2.373000144958496,-3.961276,-0.912501,-12.615761,0.35599,0.042376,0.073061
2.373000144958496,-3.961276,-0.912501,-12.615761,0.35599,0.042376,0.073061
2.373000144958496,-3.961276,-0.912501,-12.615761,0.35599,0.042376,0.073061
2.373000144958496,-3.961276,-0.912501,-12.615761,0.35599,0.042376,0.073061
2.373000144958496,-3.961276,-0.912501,-12.615761,0.35599,0.042376,0.073061
2.373000144958496,-3.961276,-0.912501,-12.615761,0.35599,0.042376,0.073061
2.373000144958496,-3.961276,-0.912501,-12.615761,0.35599,0.042376,0.073061
2.373000144958496,-3.961276,-0.912501,-12.615761,0.35599,0.042376,0.073061
2.373000144958496,-3.961276,-0.912501,-12.615761,0.35599,0.042376,0.073061
2.373000144958496,-3.961276,-0.912501,-12.615761,0.35599,0.042376,0.073061
2.373000144958496,-3.961276,-0.912501,-12.615761,0.35599,0.042376,0.073061
2.373000144958496,-3.961276,-0.912501,-12.615761,0.35599,0.042376,0.073061
2.373000144958496,-3.961276,-0.912501,-12.615761,0.35599,0.042376,0.073061
2.373000144958496,-3.961276,-0.912501,-12.615761,0.35599,0.042376,0.073061
2.373000144958496,-3.961276,-0.912501,-12.615761,0.35599,0.042376,0.073061
2.373000144958496,-3.961276,-0.912501,-12.615761,0.35599,0.042376,0.073061
2.373000144958496,-3.961276,-0.912501,-12.615761,0.35599,0.042376,0.073061
2.373000144958496,-3.961276,-0.912501,-12.615761,0.35599,0.042376,0.073061
2.373000144958496,-3.961276,-0.912501,-12.615761,0.35599,0.042376,0.073061
2.373000144958496,-3.961276,-0.912501,-12.615761,0.35599,0.042376,0.073061
2.373000144958496,-3.961276,-0.912501,-12.615761,0.35599,0.042376,0.073061
2.373000144958496,-3.961276,-0.912501,-12.615761,0.35599,0.042376,0.073061
2.373000144958496,-3.961276,-0.912501,-12.615761,0.35599,0.042376,0.073061
2.373000144958496,-3.961276,-0.912501,-12.615761,0.35599,0.042376,0.073061
2.373000144958496,-3.961276,-0.912501,-12.615761,0.35599,0.042376,0.073061
2.373000144958496,-3.961276,-0.912501,-12.615761,0.35599,0.042376,0.073061
2.373000144958496,-3.961276,-0.912501,-12.615761,0.35599,0.042376,0.073061
2.373000144958496,-3.961276,-0.912501,-12.615761,0.35599,0.042376,0.073061
2.373000144958496,-3.961276,-0.912501,-12.615761,0.35599,0.042376,0.073061
2.373000144958496,-3.961276,-0.912501,-12.615761,0.35599,0.042376,0.073061
2.373000144958496,-3.961276,-0.912501,-12.615761,0.35599,0.042376,0.073061
2.373000144958496,-3.961276,-0.912501,-12.615761,0.35599,0.042376,0.073061
2.373000144958496,-3.961276,-0.912501,-12.615761,0.35599,0.042376,0.073061
2.373000144958496,-3.961276,-0.912501,-12.615761,0.35599,0.042376,0.073061
2.373000144958496,-3.961276,-0.912501,-12.615761,0.35599,0.042376,0.073061
2.373000144958496,-3.961276,-0.912501,-12.615761,0.35599,0.042376,0.073061
2.373000144958496,-3.961276,-0.912501,-12.615761,0.35599,0.042376,0.073061
2.373000144958496,-3.961276,-0.912501,-12.615761,0.35599,0.042376,0.073061
2.373000144958496,-3.961276,-0.912501,-12.615761,0.35599,0.042376,0.073061
2.373000144958496,-3.961276,-0.912501,-12.615761,0.35599,0.042376,0.073061
2.373000144958496,-3.961276,-0.912501,-12.615761,0.35599,0.042376,0.073061
2.373000144958496,-3.961276,-0.912501,-12.615761,0.35599,0.042376,0.073061
2.373000144958496,-3.961276,-0.912501,-12.615761,0.35599,0.042376,0.073061
2.373000144958496,-3.961276,-0.912501,-12.615761,0.35599,0.042376,0.073061
2.373000144958496,-3.961276,-0.912501,-12.615761,0.35599,0.042376,0.073061
2.373000144958496,-3.961276,-0.912501,-12.615761,0.35599,0.042376,0.073061
2.373000144958496,-3.961276,-0.912501,-12.615761,0.35599,0.042376,0.073061
2.373000144958496,-3.961276,-0.912501,-12.615761,0.35599,0.042376,0.073061
2.373000144958496,-3.961276,-0.912501,-12.615761,0.35599,0.042376,0.073061
2.373000144958496,-3.961276,-0.912501,-12.615761,0.35599,0.042376,0.073061
2.373000144958496,-3.961276,-0.912501,-12.615761,0.35599,0.042376,0.073061
2.373000144958496,-3.961276,-0.912501,-12.615761,0.35599,0.042376,0.073061
2.373000144958496,-3.961276,-0.912501,-12.615761,0.35599,0.042376,0.073061
2.373000144958496,-3.961276,-0.912501,-12.615761,0.35599,0.042376,0.073061
2.373000144958496,-3.961276,-0.912501,-12.615761,0.35599,0.042376,0.073061
2.373000144958496,-3.961276,-0.912501,-12.615761,0.35599,0.042376,0.073061
2.373000144958496,-3.961276,-0.912501,-12.615761,0.35599,0.042376,0.073061
2.373000144958496,-3.961276,-0.912501,-12.615761,0.35599,0.042376,0.073061
2.373000144958496,-3.961276,-0.912501,-12.615761,0.35599,0.042376,0.073061
2.373000144958496,-3.961276,-0.912501,-12.615761,0.35599,0.042376,0.073061
2.373000144958496,-3.961276,-0.912501,-12.615761,0.35599,0.042376,0.073061
2.373000144958496,-3.961276,-0.912501,-12.615761,0.35599,0.042376,0.073061
2.373000144958496,-3.961276,-0.912501,-12.615761,0.35599,0.042376,0.073061
2.373000144958496,-3.961276,-0.912501,-12.615761,0.35599,0.042376,0.073061
2.373000144958496,-3.961276,-0.912501,-12.615761,0.35599,0.042376,0.073061
2.373000144958496,-3.961276,-0.912501,-12.615761,0.35599,0.042376,0.073061
2.373000144958496,-3.961276,-0.912501,-12.615761,0.35599,0.042376,0.073061
2.373000144958496,-3.961276,-0.912501,-12.615761,0.35599,0.042376,0.073061
2.373000144958496,-3.961276,-0.912501,-12.615761,0.35599,0.042376,0.073061
2.373000144958496,-3.961276,-0.912501,-12.615761,0.35599,0.042376,0.073061
2.373000144958496,-3.961276,-0.912501,-12.615761,0.35599,0.042376,0.073061
2.373000144958496,-3.961276,-0.912501,-12.615761,0.35599,0.042376,0.073061
2.373000144958496,-3.961276,-0.912501,-12.615761,0.35599,0.042376,0.073061
2.373000144958496,-3.961276,-0.912501,-12.615761,0.35599,0.042376,0.073061
2.373000144958496,-3.961276,-0.912501,-12.615761,0.35599,0.042376,0.073061
2.373000144958496,-3.961276,-0.912501,-12.615761,0.35599,0.042376,0.073061
2.373000144958496,-3.961276,-0.912501,-12.615761,0.35599,0.042376,0.073061
2.373000144958496,-3.961276,-0.912501,-12.615761,0.35599,0.042376,0.073061
2.373000144958496,-3.961276,-0.912501,-12.615761,0.35599,0.042376,0.073061
2.373000144958496,-3.961276,-0.912501,-12.615761,0.35599,0.042376,0.073061
2.373000144958496,-3.961276,-0.912501,-12.615761,0.35599,0.042376,0.073061
2.373000144958496,-3.961276,-0.912501,-12.615761,0.35599,0.042376,0.073061
2.373000144958496,-3.961276,-0.912501,-12.615761,0.35599,0.042376,0.073061
2.373000144958496,-3.961276,-0.912501,-12.615761,0.35599,0.042376,0.073061
2.373000144958496,-3.961276,-0.912501,-12.615761,0.35599,0.042376,0.073061
2.373000144958496,-3.961276,-0.912501,-12.615761,0.35599,0.042376,0.073061
2.373000144958496,-3.961276,-0.912501,-12.615761,0.35599,0.042376,0.073061
2.373000144958496,-3.961276,-0.912501,-12.615761,0.35599,0.042376,0.073061
2.373000144958496,-3.961276,-0.912501,-12.615761,0.35599,0.042376,0.073061
2.373000144958496,-3.961276,-0.912501,-12.615761,0.35599,0.042376,0.073061
2.373000144958496,-3.961276,-0.912501,-12.615761,0.35599,0.042376,0.073061
2.373000144958496,-3.961276,-0.912501,-12.615761,0.35599,0.042376,0.073061
2.373000144958496,-3.961276,-0.912501,-12.615761,0.35599,0.042376,0.073061
2.373000144958496,-3.961276,-0.912501,-12.615761,0.35599,0.042376,0.073061
2.373000144958496,-3.961276,-0.912501,-12.615761,0.35599,0.042376,0.073061
2.373000144958496,-3.961276,-0.912501,-12.615761,0.35599,0.042376,0.073061
2.373000144958496,-3.961276,-0.912501,-12.615761,0.35599,0.042376,0.073061
2.373000144958496,-3.961276,-0.912501,-12.615761,0.35599,0.042376,0.073061
2.373000144958496,-3.961276,-0.912501,-12.615761,0.35599,0.042376,0.073061
2.373000144958496,-3.961276,-0.912501,-12.615761,0.35599,0.042376,0.073061
2.373000144958496,-3.961276,-0.912501,-12.615761,0.35599,0.042376,0.073061
2.373000144958496,-3.961276,-0.912501,-12.615761,0.35599,0.042376,0.073061
2.373000144958496,-3.961276,-0.912501,-12.615761,0.35599,0.042376,0.073061
2.373000144958496,-3.961276,-0.912501,-12.615761,0.35599,0.042376,0.073061
2.373000144958496,-3.961276,-0.912501,-12.615761,0.35599,0.042376,0.073061
2.373000144958496,-3.961276,-0.912501,-12.615761,0.35599,0.042376,0.073061
2.373000144958496,-3.961276,-0.912501,-12.615761,0.35599,0.042376,0.073061
2.373000144958496,-3.961276,-0.912501,-12.615761,0.35599,0.042376,0.073061
2.373000144958496,-3.961276,-0.912501,-12.615761,0.35599,0.042376,0.073061
2.373000144958496,-3.961276,-0.912501,-12.615761,0.35599,0.042376,0.073061
2.373000144958496,-3.961276,-0.912501,-12.615761,0.35599,0.042376,0.073061
2.373000144958496,-3.961276,-0.912501,-12.615761,0.35599,0.042376,0.073061
2.373000144958496,-3.961276,-0.912501,-12.615761,0.35599,0.042376,0.073061
2.373000144958496,-3.961276,-0.912501,-12.615761,0.35599,0.042376,0.073061
2.373000144958496,-3.961276,-0.912501,-12.615761,0.35599,0.042376,0.073061
2.373000144958496,-3.961276,-0.912501,-12.615761,0.35599,0.042376,0.073061
2.373000144958496,-3.961276,-0.912501,-12.615761,0.35599,0.042376,0.073061
2.373000144958496,-3.961276,-0.912501,-12.615761,0.35599,0.042376,0.073061
2.373000144958496,-3.961276,-0.912501,-12.615761,0.35599,0.042376,0.073061
2.373000144958496,-3.961276,-0.912501,-12.615761,0.35599,0.042376,0.073061
2.373000144958496,-3.961276,-0.912501,-12.615761,0.35599,0.042376,0.073061
2.373000144958496,-3.961276,-0.912501,-12.615761,0.35599,0.042376,0.073061
2.373000144958496,-3.961276,-0.912501,-12.615761,0.35599,0.042376,0.073061
2.373000144958496,-3.961276,-0.912501,-12.615761,0.35599,0.042376,0.073061
2.373000144958496,-3.961276,-0.912501,-12.615761,0.35599,0.042376,0.073061
2.373000144958496,-3.961276,-0.912501,-12.615761,0.35599,0.042376,0.073061
2.373000144958496,-3.961276,-0.912501,-12.615761,0.35599,0.042376,0.073061
2.373000144958496,-3.961276,-0.912501,-12.615761,0.35599,0.042376,0.073061
2.373000144958496,-3.961276,-0.912501,-12.615761,0.35599,0.042376,0.073061
2.373000144958496,-3.961276,-0.912501,-12.615761,0.35599,0.042376,0.073061
2.373000144958496,-3.961276,-0.912501,-12.615761,0.35599,0.042376,0.073061
2.373000144958496,-3.961276,-0.912501,-12.615761,0.35599,0.042376,0.073061
2.373000144958496,-3.961276,-0.912501,-12.615761,0.35599,0.042376,0.073061
2.373000144958496,-3.961276,-0.912501,-12.615761,0.35599,0.042376,0.073061
2.373000144958496,-3.961276,-0.912501,-12.615761,0.35599,0.042376,0.073061
2.373000144958496,-3.961276,-0.912501,-12.615761,0.35599,0.042376,0.073061
2.373000144958496,-3.961276,-0.912501,-12.615761,0.35599,0.042376,0.073061
2.373000144958496,-3.961276,-0.912501,-12.615761,0.35599,0.042376,0.073061
2.373000144958496,-3.961276,-0.912501,-12.615761,0.35599,0.042376,0.073061
2.373000144958496,-3.961276,-0.912501,-12.615761,0.35599,0.042376,0.073061
2.373000144958496,-3.961276,-0.912501,-12.615761,0.35599,0.042376,0.073061
2.373000144958496,-3.961276,-0.912501,-12.615761,0.35599,0.042376,0.073061
2.373000144958496,-3.961276,-0.912501,-12.615761,0.35599,0.042376,0.073061
2.373000144958496,-3.961276,-0.912501,-12.615761,0.35599,0.042376,0.073061
2.373000144958496,-3.961276,-0.912501,-12.615761,0.35599,0.042376,0.073061
2.373000144958496,-3.961276,-0.912501,-12.615761,0.35599,0.042376,0.073061
2.373000144958496,-3.961276,-0.912501,-12.615761,0.35599,0.042376,0.073061
2.373000144958496,-3.961276,-0.912501,-12.615761,0.35599,0.042376,0.073061
2.373000144958496,-3.961276,-0.912501,-12.615761,0.35599,0.042376,0.073061
2.373000144958496,-3.961276,-0.912501,-12.615761,0.35599,0.042376,0.073061
2.373000144958496,-3.961276,-0.912501,-12.615761,0.35599,0.042376,0.073061
2.373000144958496,-3.961276,-0.912501,-12.615761,0.35599,0.042376,0.073061
2.373000144958496,-3.961276,-0.912501,-12.615761,0.35599,0.042376,0.073061
2.373000144958496,-3.961276,-0.912501,-12.615761,0.35599,0.042376,0.073061
2.373000144958496,-3.961276,-0.912501,-12.615761,0.35599,0.042376,0.073061
2.373000144958496,-3.961276,-0.912501,-12.615761,0.35599,0.042376,0.073061
2.373000144958496,-3.961276,-0.912501,-12.615761,0.35599,0.042376,0.073061
2.373000144958496,-3.961276,-0.912501,-12.615761,0.35599,0.042376,0.073061
2.373000144958496,-3.961276,-0.912501,-12.615761,0.35599,0.042376,0.073061
2.373000144958496,-3.961276,-0.912501,-12.615761,0.35599,0.042376,0.073061
2.373000144958496,-3.961276,-0.912501,-12.615761,0.35599,0.042376,0.073061
2.373000144958496,-3.961276,-0.912501,-12.615761,0.35599,0.042376,0.073061
2.373000144958496,-3.961276,-0.912501,-12.615761,0.35599,0.042376,0.073061
2.373000144958496,-3.961276,-0.912501,-12.615761,0.35599,0.042376,0.073061
2.373000144958496,-3.961276,-0.912501,-12.615761,0.35599,0.042376,0.073061
2.373000144958496,-3.961276,-0.912501,-12.615761,0.35599,0.042376,0.073061
2.373000144958496,-3.961276,-0.912501,-12.615761,0.35599,0.042376,0.073061
2.373000144958496,-3.961276,-0.912501,-12.615761,0.35599,0.042376,0.073061
2.373000144958496,-3.961276,-0.912501,-12.615761,0.35599,0.042376,0.073061
2.373000144958496,-3.961276,-0.912501,-12.615761,0.35599,0.042376,0.073061
2.373000144958496,-3.961276,-0.912501,-12.615761,0.35599,0.042376,0.073061
2.373000144958496,-3.961276,-0.912501,-12.615761,0.35599,0.042376,0.073061
2.373000144958496,-3.961276,-0.912501,-12.615761,0.35599,0.042376,0.073061
2.373000144958496,-3.961276,-0.912501,-12.615761,0.35599,0.042376,0.073061
2.373000144958496,-3.961276,-0.912501,-12.615761,0.35599,0.042376,0.073061
2.373000144958496,-3.961276,-0.912501,-12.615761,0.35599,0.042376,0.073061
2.373000144958496,-3.961276,-0.912501,-12.615761,0.35599,0.042376,0.073061
2.373000144958496,-3.961276,-0.912501,-12.615761,0.35599,0.042376,0.073061
2.373000144958496,-3.961276,-0.912501,-12.615761,0.35599,0.042376,0.073061
2.373000144958496,-3.961276,-0.912501,-12.615761,0.35599,0.042376,0.073061
2.373000144958496,-3.961276,-0.912501,-12.615761,0.35599,0.042376,0.073061
2.373000144958496,-3.961276,-0.912501,-12.615761,0.35599,0.042376,0.073061
2.373000144958496,-3.961276,-0.912501,-12.615761,0.35599,0.042376,0.073061
2.373000144958496,-3.961276,-0.912501,-12.615761,0.35599,0.042376,0.073061
2.373000144958496,-3.961276,-0.912501,-12.615761,0.35599,0.042376,0.073061
2.373000144958496,-3.961276,-0.912501,-12.615761,0.35599,0.042376,0.073061
2.373000144958496,-3.961276,-0.912501,-12.615761,0.35599,0.042376,0.073061
2.373000144958496,-3.961276,-0.912501,-12.615761,0.35599,0.042376,0.073061
2.373000144958496,-3.961276,-0.912501,-12.615761,0.35599,0.042376,0.073061
2.373000144958496,-3.961276,-0.912501,-12.615761,0.35599,0.042376,0.073061
2.373000144958496,-3.961276,-0.912501,-12.615761,0.35599,0.042376,0.073061
2.373000144958496,-3.961276,-0.912501,-12.615761,0.35599,0.042376,0.073061
2.373000144958496,-3.961276,-0.912501,-12.615761,0.35599,0.042376,0.073061
2.373000144958496,-3.961276,-0.912501,-12.615761,0.35599,0.042376,0.073061
2.373000144958496,-3.961276,-0.912501,-12.615761,0.35599,0.042376,0.073061
2.373000144958496,-3.961276,-0.912501,-12.615761,0.35599,0.042376,0.073061
2.373000144958496,-3.961276,-0.912501,-12.615761,0.35599,0.042376,0.073061
2.373000144958496,-3.961276,-0.912501,-12.615761,0.35599,0.042376,0.073061
2.373000144958496,-3.961276,-0.912501,-12.615761,0.35599,0.042376,0.073061
2.373000144958496,-3.961276,-0.912501,-12.615761,0.35599,0.042376,0.073061
2.373000144958496,-3.961276,-0.912501,-12.615761,0.35599,0.042376,0.073061
2.373000144958496,-3.961276,-0.912501,-12.615761,0.35599,0.042376,0.073061
2.373000144958496,-3.961276,-0.912501,-12.615761,0.35599,0.042376,0.073061
2.373000144958496,-3.961276,-0.912501,-12.615761,0.35599,0.042376,0.073061
2.373000144958496,-3.961276,-0.912501,-12.615761,0.35599,0.042376,0.073061
2.373000144958496,-3.961276,-0.912501,-12.615761,0.35599,0.042376,0.073061
2.373000144958496,-3.961276,-0.912501,-12.615761,0.35599,0.042376,0.073061
2.373000144958496,-3.961276,-0.912501,-12.615761,0.35599,0.042376,0.073061
2.373000144958496,-3.961276,-0.912501,-12.615761,0.35599,0.042376,0.073061
2.373000144958496,-3.961276,-0.912501,-12.615761,0.35599,0.042376,0.073061
2.373000144958496,-3.961276,-0.912501,-12.615761,0.35599,0.042376,0.073061
2.373000144958496,-3.961276,-0.912501,-12.615761,0.35599,0.042376,0.073061
2.373000144958496,-3.961276,-0.912501,-12.615761,0.35599,0.042376,0.073061
2.373000144958496,-3.961276,-0.912501,-12.615761,0.35599,0.042376,0.073061
2.373000144958496,-3.961276,-0.912501,-12.615761,0.35599,0.042376,0.073061
2.373000144958496,-3.961276,-0.912501,-12.615761,0.35599,0.042376,0.073061
2.373000144958496,-3.961276,-0.912501,-12.615761,0.35599,0.042376,0.073061
2.373000144958496,-3.961276,-0.912501,-12.615761,0.35599,0.042376,0.073061
2.373000144958496,-3.961276,-0.912501,-12.615761,0.35599,0.042376,0.073061
2.373000144958496,-3.961276,-0.912501,-12.615761,0.35599,0.042376,0.073061
2.373000144958496,-3.961276,-0.912501,-12.615761,0.35599,0.042376,0.073061
2.373000144958496,-3.961276,-0.912501,-12.615761,0.35599,0.042376,0.073061
2.373000144958496,-3.961276,-0.912501,-12.615761,0.35599,0.042376,0.073061
2.373000144958496,-3.961276,-0.912501,-12.615761,0.35599,0.042376,0.073061
2.373000144958496,-3.961276,-0.912501,-12.615761,0.35599,0.042376,0.073061
2.373000144958496,-3.961276,-0.912501,-12.615761,0.35599,0.042376,0.073061
2.373000144958496,-3.961276,-0.912501,-12.615761,0.35599,0.042376,0.073061
2.373000144958496,-3.961276,-0.912501,-12.615761,0.35599,0.042376,0.073061
2.373000144958496,-3.961276,-0.912501,-12.615761,0.35599,0.042376,0.073061
2.373000144958496,-3.961276,-0.912501,-12.615761,0.35599,0.042376,0.073061
2.373000144958496,-3.961276,-0.912501,-12.615761,0.35599,0.042376,0.073061
2.373000144958496,-3.961276,-0.912501,-12.615761,0.35599,0.042376,0.073061
2.373000144958496,-3.961276,-0.912501,-12.615761,0.35599,0.042376,0.073061
2.373000144958496,-3.961276,-0.912501,-12.615761,0.35599,0.042376,0.073061
2.373000144958496,-3.961276,-0.912501,-12.615761,0.35599,0.042376,0.073061
2.373000144958496,-3.961276,-0.912501,-12.615761,0.35599,0.042376,0.073061
2.373000144958496,-3.961276,-0.912501,-12.615761,0.35599,0.042376,0.073061
2.373000144958496,-3.961276,-0.912501,-12.615761,0.35599,0.042376,0.073061
2.373000144958496,-3.961276,-0.912501,-12.615761,0.35599,0.042376,0.073061
2.373000144958496,-3.961276,-0.912501,-12.615761,0.35599,0.042376,0.073061
2.373000144958496,-3.961276,-0.912501,-12.615761,0.35599,0.042376,0.073061
2.373000144958496,-3.961276,-0.912501,-12.615761,0.35599,0.042376,0.073061
2.373000144958496,-3.961276,-0.912501,-12.615761,0.35599,0.042376,0.073061
2.373000144958496,-3.961276,-0.912501,-12.615761,0.35599,0.042376,0.073061
2.373000144958496,-3.961276,-0.912501,-12.615761,0.35599,0.042376,0.073061
2.373000144958496,-3.961276,-0.912501,-12.615761,0.35599,0.042376,0.073061
2.373000144958496,-3.961276,-0.912501,-12.615761,0.35599,0.042376,0.073061
2.373000144958496,-3.961276,-0.912501,-12.615761,0.35599,0.042376,0.073061
2.373000144958496,-3.961276,-0.912501,-12.615761,0.35599,0.042376,0.073061
2.373000144958496,-3.961276,-0.912501,-12.615761,0.35599,0.042376,0.073061
2.373000144958496,-3.961276,-0.912501,-12.615761,0.35599,0.042376,0.073061
2.373000144958496,-3.961276,-0.912501,-12.615761,0.35599,0.042376,0.073061
2.373000144958496,-3.961276,-0.912501,-12.615761,0.35599,0.042376,0.073061
2.373000144958496,-3.961276,-0.912501,-12.615761,0.35599,0.042376,0.073061
2.373000144958496,-3.961276,-0.912501,-12.615761,0.35599,0.042376,0.073061
2.373000144958496,-3.961276,-0.912501,-12.615761,0.35599,0.042376,0.073061
2.373000144958496,-3.961276,-0.912501,-12.615761,0.35599,0.042376,0.073061
2.373000144958496,-3.961276,-0.912501,-12.615761,0.35599,0.042376,0.073061
2.373000144958496,-3.961276,-0.912501,-12.615761,0.35599,0.042376,0.073061
2.373000144958496,-3.961276,-0.912501,-12.615761,0.35599,0.042376,0.073061
2.373000144958496,-3.961276,-0.912501,-12.615761,0.35599,0.042376,0.073061
2.373000144958496,-3.961276,-0.912501,-12.615761,0.35599,0.042376,0.073061
2.373000144958496,-3.961276,-0.912501,-12.615761,0.35599,0.042376,0.073061
2.373000144958496,-3.961276,-0.912501,-12.615761,0.35599,0.042376,0.073061
2.373000144958496,-3.961276,-0.912501,-12.615761,0.35599,0.042376,0.073061
2.373000144958496,-3.961276,-0.912501,-12.615761,0.35599,0.042376,0.073061
2.373000144958496,-3.961276,-0.912501,-12.615761,0.35599,0.042376,0.073061
2.373000144958496,-3.961276,-0.912501,-12.615761,0.35599,0.042376,0.073061
2.373000144958496,-3.961276,-0.912501,-12.615761,0.35599,0.042376,0.073061
2.373000144958496,-3.961276,-0.912501,-12.615761,0.35599,0.042376,0.073061
2.373000144958496,-3.961276,-0.912501,-12.615761,0.35599,0.042376,0.073061
2.373000144958496,-3.961276,-0.912501,-12.615761,0.35599,0.042376,0.073061
2.373000144958496,-3.961276,-0.912501,-12.615761,0.35599,0.042376,0.073061
2.373000144958496,-3.961276,-0.912501,-12.615761,0.35599,0.042376,0.073061
2.373000144958496,-3.961276,-0.912501,-12.615761,0.35599,0.042376,0.073061
2.373000144958496,-3.961276,-0.912501,-12.615761,0.35599,0.042376,0.073061
2.373000144958496,-3.961276,-0.912501,-12.615761,0.35599,0.042376,0.073061
2.373000144958496,-3.961276,-0.912501,-12.615761,0.35599,0.042376,0.073061
2.373000144958496,-3.961276,-0.912501,-12.615761,0.35599,0.042376,0.073061
2.373000144958496,-3.961276,-0.912501,-12.615761,0.35599,0.042376,0.073061
2.373000144958496,-3.961276,-0.912501,-12.615761,0.35599,0.042376,0.073061
2.373000144958496,-3.961276,-0.912501,-12.615761,0.35599,0.042376,0.073061
2.373000144958496,-3.961276,-0.912501,-12.615761,0.35599,0.042376,0.073061
2.373000144958496,-3.961276,-0.912501,-12.615761,0.35599,0.042376,0.073061
2.373000144958496,-3.961276,-0.912501,-12.615761,0.35599,0.042376,0.073061
2.373000144958496,-3.961276,-0.912501,-12.615761,0.35599,0.042376,0.073061
2.373000144958496,-3.961276,-0.912501,-12.615761,0.35599,0.042376,0.073061
2.373000144958496,-3.961276,-0.912501,-12.615761,0.35599,0.042376,0.073061
2.373000144958496,-3.961276,-0.912501,-12.615761,0.35599,0.042376,0.073061
2.373000144958496,-3.961276,-0.912501,-12.615761,0.35599,0.042376,0.073061
2.373000144958496,-3.961276,-0.912501,-12.615761,0.35599,0.042376,0.073061
2.373000144958496,-3.961276,-0.912501,-12.615761,0.35599,0.042376,0.073061
2.373000144958496,-3.961276,-0.912501,-12.615761,0.35599,0.042376,0.073061
2.373000144958496,-3.961276,-0.912501,-12.615761,0.35599,0.042376,0.073061
2.373000144958496,-3.961276,-0.912501,-12.615761,0.35599,0.042376,0.073061
2.373000144958496,-3.961276,-0.912501,-12.615761,0.35599,0.042376,0.073061
2.373000144958496,-3.961276,-0.912501,-12.615761,0.35599,0.042376,0.073061
2.373000144958496,-3.961276,-0.912501,-12.615761,0.35599,0.042376,0.073061
2.373000144958496,-3.961276,-0.912501,-12.615761,0.35599,0.042376,0.073061
2.373000144958496,-3.961276,-0.912501,-12.615761,0.35599,0.042376,0.073061
2.373000144958496,-3.961276,-0.912501,-12.615761,0.35599,0.042376,0.073061
2.373000144958496,-3.961276,-0.912501,-12.615761,0.35599,0.042376,0.073061
2.373000144958496,-3.961276,-0.912501,-12.615761,0.35599,0.042376,0.073061
2.373000144958496,-3.961276,-0.912501,-12.615761,0.35599,0.042376,0.073061
2.373000144958496,-3.961276,-0.912501,-12.615761,0.35599,0.042376,0.073061
2.373000144958496,-3.961276,-0.912501,-12.615761,0.35599,0.042376,0.073061
2.373000144958496,-3.961276,-0.912501,-12.615761,0.35599,0.042376,0.073061
2.373000144958496,-3.961276,-0.912501,-12.615761,0.35599,0.042376,0.073061
2.373000144958496,-3.961276,-0.912501,-12.615761,0.35599,0.042376,0.073061
2.373000144958496,-3.961276,-0.912501,-12.615761,0.35599,0.042376,0.073061
2.373000144958496,-3.961276,-0.912501,-12.615761,0.35599,0.042376,0.073061
2.373000144958496,-3.961276,-0.912501,-12.615761,0.35599,0.042376,0.073061
2.373000144958496,-3.961276,-0.912501,-12.615761,0.35599,0.042376,0.073061
2.373000144958496,-3.961276,-0.912501,-12.615761,0.35599,0.042376,0.073061
2.373000144958496,-3.961276,-0.912501,-12.615761,0.35599,0.042376,0.073061
2.373000144958496,-3.961276,-0.912501,-12.615761,0.35599,0.042376,0.073061
2.373000144958496,-3.961276,-0.912501,-12.615761,0.35599,0.042376,0.073061
2.373000144958496,-3.961276,-0.912501,-12.615761,0.35599,0.042376,0.073061
2.373000144958496,-3.961276,-0.912501,-12.615761,0.35599,0.042376,0.073061
2.373000144958496,-3.961276,-0.912501,-12.615761,0.35599,0.042376,0.073061
2.373000144958496,-3.961276,-0.912501,-12.615761,0.35599,0.042376,0.073061
2.373000144958496,-3.961276,-0.912501,-12.615761,0.35599,0.042376,0.073061
2.373000144958496,-3.961276,-0.912501,-12.615761,0.35599,0.042376,0.073061
2.373000144958496,-3.961276,-0.912501,-12.615761,0.35599,0.042376,0.073061
2.373000144958496,-3.961276,-0.912501,-12.615761,0.35599,0.042376,0.073061
2.373000144958496,-3.961276,-0.912501,-12.615761,0.35599,0.042376,0.073061
2.373000144958496,-3.961276,-0.912501,-12.615761,0.35599,0.042376,0.073061
2.373000144958496,-3.961276,-0.912501,-12.615761,0.35599,0.042376,0.073061
2.373000144958496,-3.961276,-0.912501,-12.615761,0.35599,0.042376,0.073061
2.373000144958496,-3.961276,-0.912501,-12.615761,0.35599,0.042376,0.073061
2.373000144958496,-3.961276,-0.912501,-12.615761,0.35599,0.042376,0.073061
2.373000144958496,-3.961276,-0.912501,-12.615761,0.35599,0.042376,0.073061
2.373000144958496,-3.961276,-0.912501,-12.615761,0.35599,0.042376,0.073061
2.373000144958496,-3.961276,-0.912501,-12.615761,0.35599,0.042376,0.073061
2.373000144958496,-3.961276,-0.912501,-12.615761,0.35599,0.042376,0.073061
2.373000144958496,-3.961276,-0.912501,-12.615761,0.35599,0.042376,0.073061
2.373000144958496,-3.961276,-0.912501,-12.615761,0.35599,0.042376,0.073061
2.373000144958496,-3.961276,-0.912501,-12.615761,0.35599,0.042376,0.073061
2.373000144958496,-3.961276,-0.912501,-12.615761,0.35599,0.042376,0.073061
2.373000144958496,-3.961276,-0.912501,-12.615761,0.35599,0.042376,0.073061
2.373000144958496,-3.961276,-0.912501,-12.615761,0.35599,0.042376,0.073061
2.373000144958496,-3.961276,-0.912501,-12.615761,0.35599,0.042376,0.073061
2.373000144958496,-3.961276,-0.912501,-12.615761,0.35599,0.042376,0.073061
2.373000144958496,-3.961276,-0.912501,-12.615761,0.35599,0.042376,0.073061
2.373000144958496,-3.961276,-0.912501,-12.615761,0.35599,0.042376,0.073061
2.373000144958496,-3.961276,-0.912501,-12.615761,0.35599,0.042376,0.073061
2.373000144958496,-3.961276,-0.912501,-12.615761,0.35599,0.042376,0.073061
2.373000144958496,-3.961276,-0.912501,-12.615761,0.35599,0.042376,0.073061
2.373000144958496,-3.961276,-0.912501,-12.615761,0.35599,0.042376,0.073061
2.373000144958496,-3.961276,-0.912501,-12.615761,0.35599,0.042376,0.073061
2.373000144958496,-3.961276,-0.912501,-12.615761,0.35599,0.042376,0.073061
2.373000144958496,-3.961276,-0.912501,-12.615761,0.35599,0.042376,0.073061
2.373000144958496,-3.961276,-0.912501,-12.615761,0.35599,0.042376,0.073061
2.373000144958496,-3.961276,-0.912501,-12.615761,0.35599,0.042376,0.073061
2.373000144958496,-3.961276,-0.912501,-12.615761,0.35599,0.042376,0.073061
2.373000144958496,-3.961276,-0.912501,-12.615761,0.35599,0.042376,0.073061
2.373000144958496,-3.961276,-0.912501,-12.615761,0.35599,0.042376,0.073061
2.373000144958496,-3.961276,-0.912501,-12.615761,0.35599,0.042376,0.073061
2.373000144958496,-3.961276,-0.912501,-12.615761,0.35599,0.042376,0.073061
2.373000144958496,-3.961276,-0.912501,-12.615761,0.35599,0.042376,0.073061
2.373000144958496,-3.961276,-0.912501,-12.615761,0.35599,0.042376,0.073061
2.373000144958496,-3.961276,-0.912501,-12.615761,0.35599,0.042376,0.073061
2.373000144958496,-3.961276,-0.912501,-12.615761,0.35599,0.042376,0.073061
2.373000144958496,-3.961276,-0.912501,-12.615761,0.35599,0.042376,0.073061
2.373000144958496,-3.961276,-0.912501,-12.615761,0.35599,0.042376,0.073061
2.373000144958496,-3.961276,-0.912501,-12.615761,0.35599,0.042376,0.073061
2.373000144958496,-3.961276,-0.912501,-12.615761,0.35599,0.042376,0.073061
2.373000144958496,-3.961276,-0.912501,-12.615761,0.35599,0.042376,0.073061
2.373000144958496,-3.961276,-0.912501,-12.615761,0.35599,0.042376,0.073061
2.373000144958496,-3.961276,-0.912501,-12.615761,0.35599,0.042376,0.073061
2.373000144958496,-3.961276,-0.912501,-12.615761,0.35599,0.042376,0.073061
2.373000144958496,-3.961276,-0.912501,-12.615761,0.35599,0.042376,0.073061
2.373000144958496,-3.961276,-0.912501,-12.615761,0.35599,0.042376,0.073061
2.373000144958496,-3.961276,-0.912501,-12.615761,0.35599,0.042376,0.073061
2.373000144958496,-3.961276,-0.912501,-12.615761,0.35599,0.042376,0.073061
2.373000144958496,-3.961276,-0.912501,-12.615761,0.35599,0.042376,0.073061
2.373000144958496,-3.961276,-0.912501,-12.615761,0.35599,0.042376,0.073061
2.373000144958496,-3.961276,-0.912501,-12.615761,0.35599,0.042376,0.073061
2.373000144958496,-3.961276,-0.912501,-12.615761,0.35599,0.042376,0.073061
2.373000144958496,-3.961276,-0.912501,-12.615761,0.35599,0.042376,0.073061
2.373000144958496,-3.961276,-0.912501,-12.615761,0.35599,0.042376,0.073061
2.373000144958496,-3.961276,-0.912501,-12.615761,0.35599,0.042376,0.073061
2.373000144958496,-3.961276,-0.912501,-12.615761,0.35599,0.042376,0.073061
2.373000144958496,-3.961276,-0.912501,-12.615761,0.35599,0.042376,0.073061
2.373000144958496,-3.961276,-0.912501,-12.615761,0.35599,0.042376,0.073061
2.373000144958496,-3.961276,-0.912501,-12.615761,0.35599,0.042376,0.073061
2.373000144958496,-3.961276,-0.912501,-12.615761,0.35599,0.042376,0.073061
2.373000144958496,-3.961276,-0.912501,-12.615761,0.35599,0.042376,0.073061
2.373000144958496,-3.961276,-0.912501,-12.615761,0.35599,0.042376,0.073061
2.373000144958496,-3.961276,-0.912501,-12.615761,0.35599,0.042376,0.073061
2.373000144958496,-3.961276,-0.912501,-12.615761,0.35599,0.042376,0.073061
2.373000144958496,-3.961276,-0.912501,-12.615761,0.35599,0.042376,0.073061
2.373000144958496,-3.961276,-0.912501,-12.615761,0.35599,0.042376,0.073061
2.373000144958496,-3.961276,-0.912501,-12.615761,0.35599,0.042376,0.073061
2.373000144958496,-3.961276,-0.912501,-12.615761,0.35599,0.042376,0.073061
2.373000144958496,-3.961276,-0.912501,-12.615761,0.35599,0.042376,0.073061
2.373000144958496,-3.961276,-0.912501,-12.615761,0.35599,0.042376,0.073061
2.373000144958496,-3.961276,-0.912501,-12.615761,0.35599,0.042376,0.073061
2.373000144958496,-3.961276,-0.912501,-12.615761,0.35599,0.042376,0.073061
2.373000144958496,-3.961276,-0.912501,-12.615761,0.35599,0.042376,0.073061
2.373000144958496,-3.961276,-0.912501,-12.615761,0.35599,0.042376,0.073061
2.373000144958496,-3.961276,-0.912501,-12.615761,0.35599,0.042376,0.073061
2.373000144958496,-3.961276,-0.912501,-12.615761,0.35599,0.042376,0.073061
2.373000144958496,-3.961276,-0.912501,-12.615761,0.35599,0.042376,0.073061
2.373000144958496,-3.961276,-0.912501,-12.615761,0.35599,0.042376,0.073061
2.373000144958496,-3.961276,-0.912501,-12.615761,0.35599,0.042376,0.073061
2.373000144958496,-3.961276,-0.912501,-12.615761,0.35599,0.042376,0.073061
2.373000144958496,-3.961276,-0.912501,-12.615761,0.35599,0.042376,0.073061
2.373000144958496,-3.961276,-0.912501,-12.615761,0.35599,0.042376,0.073061
2.373000144958496,-3.961276,-0.912501,-12.615761,0.35599,0.042376,0.073061
2.373000144958496,-3.961276,-0.912501,-12.615761,0.35599,0.042376,0.073061
2.373000144958496,-3.961276,-0.912501,-12.615761,0.35599,0.042376,0.073061
2.373000144958496,-3.961276,-0.912501,-12.615761,0.35599,0.042376,0.073061
2.373000144958496,-3.961276,-0.912501,-12.615761,0.35599,0.042376,0.073061
2.373000144958496,-3.961276,-0.912501,-12.615761,0.35599,0.042376,0.073061
2.373000144958496,-3.961276,-0.912501,-12.615761,0.35599,0.042376,0.073061
2.373000144958496,-3.961276,-0.912501,-12.615761,0.35599,0.042376,0.073061
2.373000144958496,-3.961276,-0.912501,-12.615761,0.35599,0.042376,0.073061
2.373000144958496,-3.961276,-0.912501,-12.615761,0.35599,0.042376,0.073061
2.373000144958496,-3.961276,-0.912501,-12.615761,0.35599,0.042376,0.073061
2.373000144958496,-3.961276,-0.912501,-12.615761,0.35599,0.042376,0.073061
2.373000144958496,-3.961276,-0.912501,-12.615761,0.35599,0.042376,0.073061
2.373000144958496,-3.961276,-0.912501,-12.615761,0.35599,0.042376,0.073061
2.373000144958496,-3.961276,-0.912501,-12.615761,0.35599,0.042376,0.073061
2.373000144958496,-3.961276,-0.912501,-12.615761,0.35599,0.042376,0.073061
2.373000144958496,-3.961276,-0.912501,-12.615761,0.35599,0.042376,0.073061
2.373000144958496,-3.961276,-0.912501,-12.615761,0.35599,0.042376,0.073061
2.373000144958496,-3.961276,-0.912501,-12.615761,0.35599,0.042376,0.073061
2.373000144958496,-3.961276,-0.912501,-12.615761,0.35599,0.042376,0.073061
2.373000144958496,-3.961276,-0.912501,-12.615761,0.35599,0.042376,0.073061
2.373000144958496,-3.961276,-0.912501,-12.615761,0.35599,0.042376,0.073061
2.373000144958496,-3.961276,-0.912501,-12.615761,0.35599,0.042376,0.073061
2.373000144958496,-3.961276,-0.912501,-12.615761,0.35599,0.042376,0.073061
2.373000144958496,-3.961276,-0.912501,-12.615761,0.35599,0.042376,0.073061
2.373000144958496,-3.961276,-0.912501,-12.615761,0.35599,0.042376,0.073061
2.373000144958496,-3.961276,-0.912501,-12.615761,0.35599,0.042376,0.073061
2.373000144958496,-3.961276,-0.912501,-12.615761,0.35599,0.042376,0.073061
2.373000144958496,-3.961276,-0.912501,-12.615761,0.35599,0.042376,0.073061
2.373000144958496,-3.961276,-0.912501,-12.615761,0.35599,0.042376,0.073061
2.373000144958496,-3.961276,-0.912501,-12.615761,0.35599,0.042376,0.073061
2.373000144958496,-3.961276,-0.912501,-12.615761,0.35599,0.042376,0.073061
2.373000144958496,-3.961276,-0.912501,-12.615761,0.35599,0.042376,0.073061
2.373000144958496,-3.961276,-0.912501,-12.615761,0.35599,0.042376,0.073061
2.373000144958496,-3.961276,-0.912501,-12.615761,0.35599,0.042376,0.073061
2.373000144958496,-3.961276,-0.912501,-12.615761,0.35599,0.042376,0.073061
2.373000144958496,-3.961276,-0.912501,-12.615761,0.35599,0.042376,0.073061
2.373000144958496,-3.961276,-0.912501,-12.615761,0.35599,0.042376,0.073061
2.373000144958496,-3.961276,-0.912501,-12.615761,0.35599,0.042376,0.073061
2.373000144958496,-3.961276,-0.912501,-12.615761,0.35599,0.042376,0.073061
2.373000144958496,-3.961276,-0.912501,-12.615761,0.35599,0.042376,0.073061
2.373000144958496,-3.961276,-0.912501,-12.615761,0.35599,0.042376,0.073061
2.373000144958496,-3.961276,-0.912501,-12.615761,0.35599,0.042376,0.073061
2.373000144958496,-3.961276,-0.912501,-12.615761,0.35599,0.042376,0.073061
2.373000144958496,-3.961276,-0.912501,-12.615761,0.35599,0.042376,0.073061
2.373000144958496,-3.961276,-0.912501,-12.615761,0.35599,0.042376,0.073061
2.373000144958496,-3.961276,-0.912501,-12.615761,0.35599,0.042376,0.073061
2.373000144958496,-3.961276,-0.912501,-12.615761,0.35599,0.042376,0.073061
2.373000144958496,-3.961276,-0.912501,-12.615761,0.35599,0.042376,0.073061
2.373000144958496,-3.961276,-0.912501,-12.615761,0.35599,0.042376,0.073061
2.373000144958496,-3.961276,-0.912501,-12.615761,0.35599,0.042376,0.073061
2.373000144958496,-3.961276,-0.912501,-12.615761,0.35599,0.042376,0.073061
2.373000144958496,-3.961276,-0.912501,-12.615761,0.35599,0.042376,0.073061
2.373000144958496,-3.961276,-0.912501,-12.615761,0.35599,0.042376,0.073061
2.373000144958496,-3.961276,-0.912501,-12.615761,0.35599,0.042376,0.073061
2.373000144958496,-3.961276,-0.912501,-12.615761,0.35599,0.042376,0.073061
2.373000144958496,-3.961276,-0.912501,-12.615761,0.35599,0.042376,0.073061
2.373000144958496,-3.961276,-0.912501,-12.615761,0.35599,0.042376,0.073061
2.373000144958496,-3.961276,-0.912501,-12.615761,0.35599,0.042376,0.073061
2.373000144958496,-3.961276,-0.912501,-12.615761,0.35599,0.042376,0.073061
2.373000144958496,-3.961276,-0.912501,-12.615761,0.35599,0.042376,0.073061
2.373000144958496,-3.961276,-0.912501,-12.615761,0.35599,0.042376,0.073061
2.373000144958496,-3.961276,-0.912501,-12.615761,0.35599,0.042376,0.073061
2.373000144958496,-3.961276,-0.912501,-12.615761,0.35599,0.042376,0.073061
2.373000144958496,-3.961276,-0.912501,-12.615761,0.35599,0.042376,0.073061
2.373000144958496,-3.961276,-0.912501,-12.615761,0.35599,0.042376,0.073061
2.373000144958496,-3.961276,-0.912501,-12.615761,0.35599,0.042376,0.073061
2.373000144958496,-3.961276,-0.912501,-12.615761,0.35599,0.042376,0.073061
2.373000144958496,-3.961276,-0.912501,-12.615761,0.35599,0.042376,0.073061
2.373000144958496,-3.961276,-0.912501,-12.615761,0.35599,0.042376,0.073061
2.373000144958496,-3.961276,-0.912501,-12.615761,0.35599,0.042376,0.073061
2.373000144958496,-3.961276,-0.912501,-12.615761,0.35599,0.042376,0.073061
2.373000144958496,-3.961276,-0.912501,-12.615761,0.35599,0.042376,0.073061
2.373000144958496,-3.961276,-0.912501,-12.615761,0.35599,0.042376,0.073061
2.373000144958496,-3.961276,-0.912501,-12.615761,0.35599,0.042376,0.073061
2.373000144958496,-3.961276,-0.912501,-12.615761,0.35599,0.042376,0.073061
2.373000144958496,-3.961276,-0.912501,-12.615761,0.35599,0.042376,0.073061
2.373000144958496,-3.961276,-0.912501,-12.615761,0.35599,0.042376,0.073061
2.373000144958496,-3.961276,-0.912501,-12.615761,0.35599,0.042376,0.073061
2.373000144958496,-3.961276,-0.912501,-12.615761,0.35599,0.042376,0.073061
2.373000144958496,-3.961276,-0.912501,-12.615761,0.35599,0.042376,0.073061
2.373000144958496,-3.961276,-0.912501,-12.615761,0.35599,0.042376,0.073061
2.373000144958496,-3.961276,-0.912501,-12.615761,0.35599,0.042376,0.073061
2.373000144958496,-3.961276,-0.912501,-12.615761,0.35599,0.042376,0.073061
2.373000144958496,-3.961276,-0.912501,-12.615761,0.35599,0.042376,0.073061
2.373000144958496,-3.961276,-0.912501,-12.615761,0.35599,0.042376,0.073061
2.373000144958496,-3.961276,-0.912501,-12.615761,0.35599,0.042376,0.073061
2.373000144958496,-3.961276,-0.912501,-12.615761,0.35599,0.042376,0.073061
2.373000144958496,-3.961276,-0.912501,-12.615761,0.35599,0.042376,0.073061
2.373000144958496,-3.961276,-0.912501,-12.615761,0.35599,0.042376,0.073061
2.373000144958496,-3.961276,-0.912501,-12.615761,0.35599,0.042376,0.073061
2.373000144958496,-3.961276,-0.912501,-12.615761,0.35599,0.042376,0.073061
2.373000144958496,-3.961276,-0.912501,-12.615761,0.35599,0.042376,0.073061
2.373000144958496,-3.961276,-0.912501,-12.615761,0.35599,0.042376,0.073061
2.373000144958496,-3.961276,-0.912501,-12.615761,0.35599,0.042376,0.073061
2.373000144958496,-3.961276,-0.912501,-12.615761,0.35599,0.042376,0.073061
2.373000144958496,-3.961276,-0.912501,-12.615761,0.35599,0.042376,0.073061
2.373000144958496,-3.961276,-0.912501,-12.615761,0.35599,0.042376,0.073061
2.373000144958496,-3.961276,-0.912501,-12.615761,0.35599,0.042376,0.073061
2.373000144958496,-3.961276,-0.912501,-12.615761,0.35599,0.042376,0.073061
2.373000144958496,-3.961276,-0.912501,-12.615761,0.35599,0.042376,0.073061
2.373000144958496,-3.961276,-0.912501,-12.615761,0.35599,0.042376,0.073061
2.373000144958496,-3.961276,-0.912501,-12.615761,0.35599,0.042376,0.073061
2.373000144958496,-3.961276,-0.912501,-12.615761,0.35599,0.042376,0.073061
2.373000144958496,-3.961276,-0.912501,-12.615761,0.35599,0.042376,0.073061
2.373000144958496,-3.961276,-0.912501,-12.615761,0.35599,0.042376,0.073061
2.373000144958496,-3.961276,-0.912501,-12.615761,0.35599,0.042376,0.073061
2.373000144958496,-3.961276,-0.912501,-12.615761,0.35599,0.042376,0.073061
2.373000144958496,-3.961276,-0.912501,-12.615761,0.35599,0.042376,0.073061
2.373000144958496,-3.961276,-0.912501,-12.615761,0.35599,0.042376,0.073061
2.373000144958496,-3.961276,-0.912501,-12.615761,0.35599,0.042376,0.073061
2.373000144958496,-3.961276,-0.912501,-12.615761,0.35599,0.042376,0.073061
2.373000144958496,-3.961276,-0.912501,-12.615761,0.35599,0.042376,0.073061
2.373000144958496,-3.961276,-0.912501,-12.615761,0.35599,0.042376,0.073061
2.373000144958496,-3.961276,-0.912501,-12.615761,0.35599,0.042376,0.073061
2.373000144958496,-3.961276,-0.912501,-12.615761,0.35599,0.042376,0.073061
2.373000144958496,-3.961276,-0.912501,-12.615761,0.35599,0.042376,0.073061
2.373000144958496,-3.961276,-0.912501,-12.615761,0.35599,0.042376,0.073061
2.373000144958496,-3.961276,-0.912501,-12.615761,0.35599,0.042376,0.073061
2.373000144958496,-3.961276,-0.912501,-12.615761,0.35599,0.042376,0.073061
2.373000144958496,-3.961276,-0.912501,-12.615761,0.35599,0.042376,0.073061
2.373000144958496,-3.961276,-0.912501,-12.615761,0.35599,0.042376,0.073061
2.373000144958496,-3.961276,-0.912501,-12.615761,0.35599,0.042376,0.073061
2.373000144958496,-3.961276,-0.912501,-12.615761,0.35599,0.042376,0.073061
2.373000144958496,-3.961276,-0.912501,-12.615761,0.35599,0.042376,0.073061
2.373000144958496,-3.961276,-0.912501,-12.615761,0.35599,0.042376,0.073061
2.373000144958496,-3.961276,-0.912501,-12.615761,0.35599,0.042376,0.073061
2.373000144958496,-3.961276,-0.912501,-12.615761,0.35599,0.042376,0.073061
2.373000144958496,-3.961276,-0.912501,-12.615761,0.35599,0.042376,0.073061
2.373000144958496,-3.961276,-0.912501,-12.615761,0.35599,0.042376,0.073061
2.373000144958496,-3.961276,-0.912501,-12.615761,0.35599,0.042376,0.073061
2.373000144958496,-3.961276,-0.912501,-12.615761,0.35599,0.042376,0.073061
2.373000144958496,-3.961276,-0.912501,-12.615761,0.35599,0.042376,0.073061
2.373000144958496,-3.961276,-0.912501,-12.615761,0.35599,0.042376,0.073061
2.373000144958496,-3.961276,-0.912501,-12.615761,0.35599,0.042376,0.073061
2.373000144958496,-3.961276,-0.912501,-12.615761,0.35599,0.042376,0.073061
2.373000144958496,-3.961276,-0.912501,-12.615761,0.35599,0.042376,0.073061
2.373000144958496,-3.961276,-0.912501,-12.615761,0.35599,0.042376,0.073061
2.373000144958496,-3.961276,-0.912501,-12.615761,0.35599,0.042376,0.073061
2.373000144958496,-3.961276,-0.912501,-12.615761,0.35599,0.042376,0.073061
2.373000144958496,-3.961276,-0.912501,-12.615761,0.35599,0.042376,0.073061
2.373000144958496,-3.961276,-0.912501,-12.615761,0.35599,0.042376,0.073061
2.373000144958496,-3.961276,-0.912501,-12.615761,0.35599,0.042376,0.073061
2.373000144958496,-3.961276,-0.912501,-12.615761,0.35599,0.042376,0.073061
2.373000144958496,-3.961276,-0.912501,-12.615761,0.35599,0.042376,0.073061
2.373000144958496,-3.961276,-0.912501,-12.615761,0.35599,0.042376,0.073061
2.373000144958496,-3.961276,-0.912501,-12.615761,0.35599,0.042376,0.073061
2.373000144958496,-3.961276,-0.912501,-12.615761,0.35599,0.042376,0.073061
2.373000144958496,-3.961276,-0.912501,-12.615761,0.35599,0.042376,0.073061
2.373000144958496,-3.961276,-0.912501,-12.615761,0.35599,0.042376,0.073061
2.373000144958496,-3.961276,-0.912501,-12.615761,0.35599,0.042376,0.073061
2.373000144958496,-3.961276,-0.912501,-12.615761,0.35599,0.042376,0.073061
2.373000144958496,-3.961276,-0.912501,-12.615761,0.35599,0.042376,0.073061
2.373000144958496,-3.961276,-0.912501,-12.615761,0.35599,0.042376,0.073061
2.373000144958496,-3.961276,-0.912501,-12.615761,0.35599,0.042376,0.073061
2.373000144958496,-3.961276,-0.912501,-12.615761,0.35599,0.042376,0.073061
2.373000144958496,-3.961276,-0.912501,-12.615761,0.35599,0.042376,0.073061
2.373000144958496,-3.961276,-0.912501,-12.615761,0.35599,0.042376,0.073061
2.373000144958496,-3.961276,-0.912501,-12.615761,0.35599,0.042376,0.073061
2.373000144958496,-3.961276,-0.912501,-12.615761,0.35599,0.042376,0.073061
2.373000144958496,-3.961276,-0.912501,-12.615761,0.35599,0.042376,0.073061
2.373000144958496,-3.961276,-0.912501,-12.615761,0.35599,0.042376,0.073061
2.373000144958496,-3.961276,-0.912501,-12.615761,0.35599,0.042376,0.073061
2.373000144958496,-3.961276,-0.912501,-12.615761,0.35599,0.042376,0.073061
2.373000144958496,-3.961276,-0.912501,-12.615761,0.35599,0.042376,0.073061
2.373000144958496,-3.961276,-0.912501,-12.615761,0.35599,0.042376,0.073061
2.373000144958496,-3.961276,-0.912501,-12.615761,0.35599,0.042376,0.073061
2.373000144958496,-3.961276,-0.912501,-12.615761,0.35599,0.042376,0.073061
2.373000144958496,-3.961276,-0.912501,-12.615761,0.35599,0.042376,0.073061
2.373000144958496,-3.961276,-0.912501,-12.615761,0.35599,0.042376,0.073061
2.373000144958496,-3.961276,-0.912501,-12.615761,0.35599,0.042376,0.073061
2.373000144958496,-3.961276,-0.912501,-12.615761,0.35599,0.042376,0.073061
2.373000144958496,-3.961276,-0.912501,-12.615761,0.35599,0.042376,0.073061
2.373000144958496,-3.961276,-0.912501,-12.615761,0.35599,0.042376,0.073061
2.373000144958496,-3.961276,-0.912501,-12.615761,0.35599,0.042376,0.073061
2.373000144958496,-3.961276,-0.912501,-12.615761,0.35599,0.042376,0.073061
2.373000144958496,-3.961276,-0.912501,-12.615761,0.35599,0.042376,0.073061
2.373000144958496,-3.961276,-0.912501,-12.615761,0.35599,0.042376,0.073061
2.373000144958496,-3.961276,-0.912501,-12.615761,0.35599,0.042376,0.073061
2.373000144958496,-3.961276,-0.912501,-12.615761,0.35599,0.042376,0.073061
2.373000144958496,-3.961276,-0.912501,-12.615761,0.35599,0.042376,0.073061
2.373000144958496,-3.961276,-0.912501,-12.615761,0.35599,0.042376,0.073061
2.373000144958496,-3.961276,-0.912501,-12.615761,0.35599,0.042376,0.073061
2.373000144958496,-3.961276,-0.912501,-12.615761,0.35599,0.042376,0.073061
2.373000144958496,-3.961276,-0.912501,-12.615761,0.35599,0.042376,0.073061
2.373000144958496,-3.961276,-0.912501,-12.615761,0.35599,0.042376,0.073061
2.373000144958496,-3.961276,-0.912501,-12.615761,0.35599,0.042376,0.073061
2.373000144958496,-3.961276,-0.912501,-12.615761,0.35599,0.042376,0.073061
2.373000144958496,-3.961276,-0.912501,-12.615761,0.35599,0.042376,0.073061
2.373000144958496,-3.961276,-0.912501,-12.615761,0.35599,0.042376,0.073061
2.373000144958496,-3.961276,-0.912501,-12.615761,0.35599,0.042376,0.073061
2.373000144958496,-3.961276,-0.912501,-12.615761,0.35599,0.042376,0.073061
2.373000144958496,-3.961276,-0.912501,-12.615761,0.35599,0.042376,0.073061
2.373000144958496,-3.961276,-0.912501,-12.615761,0.35599,0.042376,0.073061
2.373000144958496,-3.961276,-0.912501,-12.615761,0.35599,0.042376,0.073061
2.373000144958496,-3.961276,-0.912501,-12.615761,0.35599,0.042376,0.073061
2.373000144958496,-3.961276,-0.912501,-12.615761,0.35599,0.042376,0.073061
2.373000144958496,-3.961276,-0.912501,-12.615761,0.35599,0.042376,0.073061
2.373000144958496,-3.961276,-0.912501,-12.615761,0.35599,0.042376,0.073061
2.373000144958496,-3.961276,-0.912501,-12.615761,0.35599,0.042376,0.073061
2.373000144958496,-3.961276,-0.912501,-12.615761,0.35599,0.042376,0.073061
2.373000144958496,-3.961276,-0.912501,-12.615761,0.35599,0.042376,0.073061
2.373000144958496,-3.961276,-0.912501,-12.615761,0.35599,0.042376,0.073061
2.373000144958496,-3.961276,-0.912501,-12.615761,0.35599,0.042376,0.073061
2.373000144958496,-3.961276,-0.912501,-12.615761,0.35599,0.042376,0.073061
2.373000144958496,-3.961276,-0.912501,-12.615761,0.35599,0.042376,0.073061
2.373000144958496,-3.961276,-0.912501,-12.615761,0.35599,0.042376,0.073061
2.373000144958496,-3.961276,-0.912501,-12.615761,0.35599,0.042376,0.073061
2.373000144958496,-3.961276,-0.912501,-12.615761,0.35599,0.042376,0.073061
2.373000144958496,-3.961276,-0.912501,-12.615761,0.35599,0.042376,0.073061
2.373000144958496,-3.961276,-0.912501,-12.615761,0.35599,0.042376,0.073061
2.373000144958496,-3.961276,-0.912501,-12.615761,0.35599,0.042376,0.073061
2.373000144958496,-3.961276,-0.912501,-12.615761,0.35599,0.042376,0.073061
2.373000144958496,-3.961276,-0.912501,-12.615761,0.35599,0.042376,0.073061
2.373000144958496,-3.961276,-0.912501,-12.615761,0.35599,0.042376,0.073061
2.373000144958496,-3.961276,-0.912501,-12.615761,0.35599,0.042376,0.073061
2.373000144958496,-3.961276,-0.912501,-12.615761,0.35599,0.042376,0.073061
2.373000144958496,-3.961276,-0.912501,-12.615761,0.35599,0.042376,0.073061
2.373000144958496,-3.961276,-0.912501,-12.615761,0.35599,0.042376,0.073061
2.373000144958496,-3.961276,-0.912501,-12.615761,0.35599,0.042376,0.073061
2.373000144958496,-3.961276,-0.912501,-12.615761,0.35599,0.042376,0.073061
2.373000144958496,-3.961276,-0.912501,-12.615761,0.35599,0.042376,0.073061
2.373000144958496,-3.961276,-0.912501,-12.615761,0.35599,0.042376,0.073061
2.373000144958496,-3.961276,-0.912501,-12.615761,0.35599,0.042376,0.073061
2.373000144958496,-3.961276,-0.912501,-12.615761,0.35599,0.042376,0.073061
2.373000144958496,-3.961276,-0.912501,-12.615761,0.35599,0.042376,0.073061
2.373000144958496,-3.961276,-0.912501,-12.615761,0.35599,0.042376,0.073061
2.373000144958496,-3.961276,-0.912501,-12.615761,0.35599,0.042376,0.073061
2.373000144958496,-3.961276,-0.912501,-12.615761,0.35599,0.042376,0.073061
2.373000144958496,-3.961276,-0.912501,-12.615761,0.35599,0.042376,0.073061
2.373000144958496,-3.961276,-0.912501,-12.615761,0.35599,0.042376,0.073061
2.373000144958496,-3.961276,-0.912501,-12.615761,0.35599,0.042376,0.073061
2.373000144958496,-3.961276,-0.912501,-12.615761,0.35599,0.042376,0.073061
2.373000144958496,-3.961276,-0.912501,-12.615761,0.35599,0.042376,0.073061
2.373000144958496,-3.961276,-0.912501,-12.615761,0.35599,0.042376,0.073061
2.373000144958496,-3.961276,-0.912501,-12.615761,0.35599,0.042376,0.073061
2.373000144958496,-3.961276,-0.912501,-12.615761,0.35599,0.042376,0.073061
2.373000144958496,-3.961276,-0.912501,-12.615761,0.35599,0.042376,0.073061
2.373000144958496,-3.961276,-0.912501,-12.615761,0.35599,0.042376,0.073061
2.373000144958496,-3.961276,-0.912501,-12.615761,0.35599,0.042376,0.073061
2.373000144958496,-3.961276,-0.912501,-12.615761,0.35599,0.042376,0.073061
2.373000144958496,-3.961276,-0.912501,-12.615761,0.35599,0.042376,0.073061
2.373000144958496,-3.961276,-0.912501,-12.615761,0.35599,0.042376,0.073061
2.373000144958496,-3.961276,-0.912501,-12.615761,0.35599,0.042376,0.073061
2.373000144958496,-3.961276,-0.912501,-12.615761,0.35599,0.042376,0.073061
2.373000144958496,-3.961276,-0.912501,-12.615761,0.35599,0.042376,0.073061
2.373000144958496,-3.961276,-0.912501,-12.615761,0.35599,0.042376,0.073061
2.373000144958496,-3.961276,-0.912501,-12.615761,0.35599,0.042376,0.073061
2.373000144958496,-3.961276,-0.912501,-12.615761,0.35599,0.042376,0.073061
2.373000144958496,-3.961276,-0.912501,-12.615761,0.35599,0.042376,0.073061
2.373000144958496,-3.961276,-0.912501,-12.615761,0.35599,0.042376,0.073061
2.373000144958496,-3.961276,-0.912501,-12.615761,0.35599,0.042376,0.073061
2.373000144958496,-3.961276,-0.912501,-12.615761,0.35599,0.042376,0.073061
2.373000144958496,-3.961276,-0.912501,-12.615761,0.35599,0.042376,0.073061
2.373000144958496,-3.961276,-0.912501,-12.615761,0.35599,0.042376,0.073061
2.373000144958496,-3.961276,-0.912501,-12.615761,0.35599,0.042376,0.073061
2.373000144958496,-3.961276,-0.912501,-12.615761,0.35599,0.042376,0.073061
2.373000144958496,-3.961276,-0.912501,-12.615761,0.35599,0.042376,0.073061
2.373000144958496,-3.961276,-0.912501,-12.615761,0.35599,0.042376,0.073061
2.373000144958496,-3.961276,-0.912501,-12.615761,0.35599,0.042376,0.073061
2.373000144958496,-3.961276,-0.912501,-12.615761,0.35599,0.042376,0.073061
2.373000144958496,-3.961276,-0.912501,-12.615761,0.35599,0.042376,0.073061
2.373000144958496,-3.961276,-0.912501,-12.615761,0.35599,0.042376,0.073061
2.373000144958496,-3.961276,-0.912501,-12.615761,0.35599,0.042376,0.073061
2.373000144958496,-3.961276,-0.912501,-12.615761,0.35599,0.042376,0.073061
2.373000144958496,-3.961276,-0.912501,-12.615761,0.35599,0.042376,0.073061
2.373000144958496,-3.961276,-0.912501,-12.615761,0.35599,0.042376,0.073061
2.373000144958496,-3.961276,-0.912501,-12.615761,0.35599,0.042376,0.073061
2.373000144958496,-3.961276,-0.912501,-12.615761,0.35599,0.042376,0.073061
2.373000144958496,-3.961276,-0.912501,-12.615761,0.35599,0.042376,0.073061
2.373000144958496,-3.961276,-0.912501,-12.615761,0.35599,0.042376,0.073061
2.373000144958496,-3.961276,-0.912501,-12.615761,0.35599,0.042376,0.073061
2.373000144958496,-3.961276,-0.912501,-12.615761,0.35599,0.042376,0.073061
2.373000144958496,-3.961276,-0.912501,-12.615761,0.35599,0.042376,0.073061
2.373000144958496,-3.961276,-0.912501,-12.615761,0.35599,0.042376,0.073061
2.373000144958496,-3.961276,-0.912501,-12.615761,0.35599,0.042376,0.073061
2.373000144958496,-3.961276,-0.912501,-12.615761,0.35599,0.042376,0.073061
2.373000144958496,-3.961276,-0.912501,-12.615761,0.35599,0.042376,0.073061
2.373000144958496,-3.961276,-0.912501,-12.615761,0.35599,0.042376,0.073061
2.373000144958496,-3.961276,-0.912501,-12.615761,0.35599,0.042376,0.073061
2.373000144958496,-3.961276,-0.912501,-12.615761,0.35599,0.042376,0.073061
2.373000144958496,-3.961276,-0.912501,-12.615761,0.35599,0.042376,0.073061
2.373000144958496,-3.961276,-0.912501,-12.615761,0.35599,0.042376,0.073061
2.373000144958496,-3.961276,-0.912501,-12.615761,0.35599,0.042376,0.073061
2.373000144958496,-3.961276,-0.912501,-12.615761,0.35599,0.042376,0.073061
2.373000144958496,-3.961276,-0.912501,-12.615761,0.35599,0.042376,0.073061
2.373000144958496,-3.961276,-0.912501,-12.615761,0.35599,0.042376,0.073061
2.373000144958496,-3.961276,-0.912501,-12.615761,0.35599,0.042376,0.073061
2.373000144958496,-3.961276,-0.912501,-12.615761,0.35599,0.042376,0.073061
2.373000144958496,-3.961276,-0.912501,-12.615761,0.35599,0.042376,0.073061
2.373000144958496,-3.961276,-0.912501,-12.615761,0.35599,0.042376,0.073061
2.373000144958496,-3.961276,-0.912501,-12.615761,0.35599,0.042376,0.073061
2.373000144958496,-3.961276,-0.912501,-12.615761,0.35599,0.042376,0.073061
2.373000144958496,-3.961276,-0.912501,-12.615761,0.35599,0.042376,0.073061
2.373000144958496,-3.961276,-0.912501,-12.615761,0.35599,0.042376,0.073061
2.373000144958496,-3.961276,-0.912501,-12.615761,0.35599,0.042376,0.073061
2.373000144958496,-3.961276,-0.912501,-12.615761,0.35599,0.042376,0.073061
2.373000144958496,-3.961276,-0.912501,-12.615761,0.35599,0.042376,0.073061
2.373000144958496,-3.961276,-0.912501,-12.615761,0.35599,0.042376,0.073061
2.373000144958496,-3.961276,-0.912501,-12.615761,0.35599,0.042376,0.073061
2.373000144958496,-3.961276,-0.912501,-12.615761,0.35599,0.042376,0.073061
2.373000144958496,-3.961276,-0.912501,-12.615761,0.35599,0.042376,0.073061
2.373000144958496,-3.961276,-0.912501,-12.615761,0.35599,0.042376,0.073061
2.373000144958496,-3.961276,-0.912501,-12.615761,0.35599,0.042376,0.073061
2.373000144958496,-3.961276,-0.912501,-12.615761,0.35599,0.042376,0.073061
2.373000144958496,-3.961276,-0.912501,-12.615761,0.35599,0.042376,0.073061
2.373000144958496,-3.961276,-0.912501,-12.615761,0.35599,0.042376,0.073061
2.373000144958496,-3.961276,-0.912501,-12.615761,0.35599,0.042376,0.073061
2.373000144958496,-3.961276,-0.912501,-12.615761,0.35599,0.042376,0.073061
2.373000144958496,-3.961276,-0.912501,-12.615761,0.35599,0.042376,0.073061
2.373000144958496,-3.961276,-0.912501,-12.615761,0.35599,0.042376,0.073061
2.373000144958496,-3.961276,-0.912501,-12.615761,0.35599,0.042376,0.073061
2.373000144958496,-3.961276,-0.912501,-12.615761,0.35599,0.042376,0.073061
2.373000144958496,-3.961276,-0.912501,-12.615761,0.35599,0.042376,0.073061
2.373000144958496,-3.961276,-0.912501,-12.615761,0.35599,0.042376,0.073061
2.373000144958496,-3.961276,-0.912501,-12.615761,0.35599,0.042376,0.073061
2.373000144958496,-3.961276,-0.912501,-12.615761,0.35599,0.042376,0.073061
2.373000144958496,-3.961276,-0.912501,-12.615761,0.35599,0.042376,0.073061
2.373000144958496,-3.961276,-0.912501,-12.615761,0.35599,0.042376,0.073061
2.373000144958496,-3.961276,-0.912501,-12.615761,0.35599,0.042376,0.073061
2.373000144958496,-3.961276,-0.912501,-12.615761,0.35599,0.042376,0.073061
2.373000144958496,-3.961276,-0.912501,-12.615761,0.35599,0.042376,0.073061
2.373000144958496,-3.961276,-0.912501,-12.615761,0.35599,0.042376,0.073061
2.373000144958496,-3.961276,-0.912501,-12.615761,0.35599,0.042376,0.073061
2.373000144958496,-3.961276,-0.912501,-12.615761,0.35599,0.042376,0.073061
2.373000144958496,-3.961276,-0.912501,-12.615761,0.35599,0.042376,0.073061
2.373000144958496,-3.961276,-0.912501,-12.615761,0.35599,0.042376,0.073061
2.373000144958496,-3.961276,-0.912501,-12.615761,0.35599,0.042376,0.073061
2.373000144958496,-3.961276,-0.912501,-12.615761,0.35599,0.042376,0.073061
2.373000144958496,-3.961276,-0.912501,-12.615761,0.35599,0.042376,0.073061
2.373000144958496,-3.961276,-0.912501,-12.615761,0.35599,0.042376,0.073061
2.373000144958496,-3.961276,-0.912501,-12.615761,0.35599,0.042376,0.073061
2.373000144958496,-3.961276,-0.912501,-12.615761,0.35599,0.042376,0.073061
2.373000144958496,-3.961276,-0.912501,-12.615761,0.35599,0.042376,0.073061
2.373000144958496,-3.961276,-0.912501,-12.615761,0.35599,0.042376,0.073061
2.373000144958496,-3.961276,-0.912501,-12.615761,0.35599,0.042376,0.073061
2.373000144958496,-3.961276,-0.912501,-12.615761,0.35599,0.042376,0.073061
2.373000144958496,-3.961276,-0.912501,-12.615761,0.35599,0.042376,0.073061
2.373000144958496,-3.961276,-0.912501,-12.615761,0.35599,0.042376,0.073061
2.373000144958496,-3.961276,-0.912501,-12.615761,0.35599,0.042376,0.073061
2.373000144958496,-3.961276,-0.912501,-12.615761,0.35599,0.042376,0.073061
2.373000144958496,-3.961276,-0.912501,-12.615761,0.35599,0.042376,0.073061
2.373000144958496,-3.961276,-0.912501,-12.615761,0.35599,0.042376,0.073061
2.373000144958496,-3.961276,-0.912501,-12.615761,0.35599,0.042376,0.073061
2.373000144958496,-3.961276,-0.912501,-12.615761,0.35599,0.042376,0.073061
2.373000144958496,-3.961276,-0.912501,-12.615761,0.35599,0.042376,0.073061
2.373000144958496,-3.961276,-0.912501,-12.615761,0.35599,0.042376,0.073061
2.373000144958496,-3.961276,-0.912501,-12.615761,0.35599,0.042376,0.073061
2.373000144958496,-3.961276,-0.912501,-12.615761,0.35599,0.042376,0.073061
2.373000144958496,-3.961276,-0.912501,-12.615761,0.35599,0.042376,0.073061
2.373000144958496,-3.961276,-0.912501,-12.615761,0.35599,0.042376,0.073061
2.373000144958496,-3.961276,-0.912501,-12.615761,0.35599,0.042376,0.073061
2.373000144958496,-3.961276,-0.912501,-12.615761,0.35599,0.042376,0.073061
2.373000144958496,-3.961276,-0.912501,-12.615761,0.35599,0.042376,0.073061
2.373000144958496,-3.961276,-0.912501,-12.615761,0.35599,0.042376,0.073061
2.373000144958496,-3.961276,-0.912501,-12.615761,0.35599,0.042376,0.073061
2.373000144958496,-3.961276,-0.912501,-12.615761,0.35599,0.042376,0.073061
2.373000144958496,-3.961276,-0.912501,-12.615761,0.35599,0.042376,0.073061
2.373000144958496,-3.961276,-0.912501,-12.615761,0.35599,0.042376,0.073061
2.373000144958496,-3.961276,-0.912501,-12.615761,0.35599,0.042376,0.073061
2.373000144958496,-3.961276,-0.912501,-12.615761,0.35599,0.042376,0.073061
2.373000144958496,-3.961276,-0.912501,-12.615761,0.35599,0.042376,0.073061
2.373000144958496,-3.961276,-0.912501,-12.615761,0.35599,0.042376,0.073061
2.373000144958496,-3.961276,-0.912501,-12.615761,0.35599,0.042376,0.073061
2.373000144958496,-3.961276,-0.912501,-12.615761,0.35599,0.042376,0.073061
2.373000144958496,-3.961276,-0.912501,-12.615761,0.35599,0.042376,0.073061
2.373000144958496,-3.961276,-0.912501,-12.615761,0.35599,0.042376,0.073061
2.373000144958496,-3.961276,-0.912501,-12.615761,0.35599,0.042376,0.073061
2.373000144958496,-3.961276,-0.912501,-12.615761,0.35599,0.042376,0.073061
2.373000144958496,-3.961276,-0.912501,-12.615761,0.35599,0.042376,0.073061
2.373000144958496,-3.961276,-0.912501,-12.615761,0.35599,0.042376,0.073061
2.373000144958496,-3.961276,-0.912501,-12.615761,0.35599,0.042376,0.073061
2.373000144958496,-3.961276,-0.912501,-12.615761,0.35599,0.042376,0.073061
2.373000144958496,-3.961276,-0.912501,-12.615761,0.35599,0.042376,0.073061
2.373000144958496,-3.961276,-0.912501,-12.615761,0.35599,0.042376,0.073061
2.373000144958496,-3.961276,-0.912501,-12.615761,0.35599,0.042376,0.073061
2.373000144958496,-3.961276,-0.912501,-12.615761,0.35599,0.042376,0.073061
2.373000144958496,-3.961276,-0.912501,-12.615761,0.35599,0.042376,0.073061
2.373000144958496,-3.961276,-0.912501,-12.615761,0.35599,0.042376,0.073061
2.373000144958496,-3.961276,-0.912501,-12.615761,0.35599,0.042376,0.073061
2.373000144958496,-3.961276,-0.912501,-12.615761,0.35599,0.042376,0.073061
2.373000144958496,-3.961276,-0.912501,-12.615761,0.35599,0.042376,0.073061
2.373000144958496,-3.961276,-0.912501,-12.615761,0.35599,0.042376,0.073061
2.373000144958496,-3.961276,-0.912501,-12.615761,0.35599,0.042376,0.073061
2.373000144958496,-3.961276,-0.912501,-12.615761,0.35599,0.042376,0.073061
2.373000144958496,-3.961276,-0.912501,-12.615761,0.35599,0.042376,0.073061
2.373000144958496,-3.961276,-0.912501,-12.615761,0.35599,0.042376,0.073061
2.373000144958496,-3.961276,-0.912501,-12.615761,0.35599,0.042376,0.073061
2.373000144958496,-3.961276,-0.912501,-12.615761,0.35599,0.042376,0.073061
2.373000144958496,-3.961276,-0.912501,-12.615761,0.35599,0.042376,0.073061
2.373000144958496,-3.961276,-0.912501,-12.615761,0.35599,0.042376,0.073061
2.373000144958496,-3.961276,-0.912501,-12.615761,0.35599,0.042376,0.073061
2.373000144958496,-3.961276,-0.912501,-12.615761,0.35599,0.042376,0.073061
2.373000144958496,-3.961276,-0.912501,-12.615761,0.35599,0.042376,0.073061
2.373000144958496,-3.961276,-0.912501,-12.615761,0.35599,0.042376,0.073061
2.373000144958496,-3.961276,-0.912501,-12.615761,0.35599,0.042376,0.073061
2.373000144958496,-3.961276,-0.912501,-12.615761,0.35599,0.042376,0.073061
2.373000144958496,-3.961276,-0.912501,-12.615761,0.35599,0.042376,0.073061
2.373000144958496,-3.961276,-0.912501,-12.615761,0.35599,0.042376,0.073061
2.373000144958496,-3.961276,-0.912501,-12.615761,0.35599,0.042376,0.073061
2.373000144958496,-3.961276,-0.912501,-12.615761,0.35599,0.042376,0.073061
2.373000144958496,-3.961276,-0.912501,-12.615761,0.35599,0.042376,0.073061
2.373000144958496,-3.961276,-0.912501,-12.615761,0.35599,0.042376,0.073061
2.373000144958496,-3.961276,-0.912501,-12.615761,0.35599,0.042376,0.073061
2.373000144958496,-3.961276,-0.912501,-12.615761,0.35599,0.042376,0.073061
2.373000144958496,-3.961276,-0.912501,-12.615761,0.35599,0.042376,0.073061
2.373000144958496,-3.961276,-0.912501,-12.615761,0.35599,0.042376,0.073061
2.373000144958496,-3.961276,-0.912501,-12.615761,0.35599,0.042376,0.073061
2.373000144958496,-3.961276,-0.912501,-12.615761,0.35599,0.042376,0.073061
2.373000144958496,-3.961276,-0.912501,-12.615761,0.35599,0.042376,0.073061
2.373000144958496,-3.961276,-0.912501,-12.615761,0.35599,0.042376,0.073061
2.373000144958496,-3.961276,-0.912501,-12.615761,0.35599,0.042376,0.073061
2.373000144958496,-3.961276,-0.912501,-12.615761,0.35599,0.042376,0.073061
2.373000144958496,-3.961276,-0.912501,-12.615761,0.35599,0.042376,0.073061
2.373000144958496,-3.961276,-0.912501,-12.615761,0.35599,0.042376,0.073061
2.373000144958496,-3.961276,-0.912501,-12.615761,0.35599,0.042376,0.073061
2.373000144958496,-3.961276,-0.912501,-12.615761,0.35599,0.042376,0.073061
2.373000144958496,-3.961276,-0.912501,-12.615761,0.35599,0.042376,0.073061
2.373000144958496,-3.961276,-0.912501,-12.615761,0.35599,0.042376,0.073061
2.373000144958496,-3.961276,-0.912501,-12.615761,0.35599,0.042376,0.073061
2.373000144958496,-3.961276,-0.912501,-12.615761,0.35599,0.042376,0.073061
2.373000144958496,-3.961276,-0.912501,-12.615761,0.35599,0.042376,0.073061
2.373000144958496,-3.961276,-0.912501,-12.615761,0.35599,0.042376,0.073061
2.373000144958496,-3.961276,-0.912501,-12.615761,0.35599,0.042376,0.073061
2.373000144958496,-3.961276,-0.912501,-12.615761,0.35599,0.042376,0.073061
2.373000144958496,-3.961276,-0.912501,-12.615761,0.35599,0.042376,0.073061
2.373000144958496,-3.961276,-0.912501,-12.615761,0.35599,0.042376,0.073061
2.373000144958496,-3.961276,-0.912501,-12.615761,0.35599,0.042376,0.073061
2.373000144958496,-3.961276,-0.912501,-12.615761,0.35599,0.042376,0.073061
2.373000144958496,-3.961276,-0.912501,-12.615761,0.35599,0.042376,0.073061
2.373000144958496,-3.961276,-0.912501,-12.615761,0.35599,0.042376,0.073061
2.373000144958496,-3.961276,-0.912501,-12.615761,0.35599,0.042376,0.073061
2.373000144958496,-3.961276,-0.912501,-12.615761,0.35599,0.042376,0.073061
2.373000144958496,-3.961276,-0.912501,-12.615761,0.35599,0.042376,0.073061
2.373000144958496,-3.961276,-0.912501,-12.615761,0.35599,0.042376,0.073061
2.373000144958496,-3.961276,-0.912501,-12.615761,0.35599,0.042376,0.073061
2.373000144958496,-3.961276,-0.912501,-12.615761,0.35599,0.042376,0.073061
2.373000144958496,-3.961276,-0.912501,-12.615761,0.35599,0.042376,0.073061
2.373000144958496,-3.961276,-0.912501,-12.615761,0.35599,0.042376,0.073061
2.373000144958496,-3.961276,-0.912501,-12.615761,0.35599,0.042376,0.073061
2.373000144958496,-3.961276,-0.912501,-12.615761,0.35599,0.042376,0.073061
2.373000144958496,-3.961276,-0.912501,-12.615761,0.35599,0.042376,0.073061
2.373000144958496,-3.961276,-0.912501,-12.615761,0.35599,0.042376,0.073061
2.373000144958496,-3.961276,-0.912501,-12.615761,0.35599,0.042376,0.073061
2.373000144958496,-3.961276,-0.912501,-12.615761,0.35599,0.042376,0.073061
2.373000144958496,-3.961276,-0.912501,-12.615761,0.35599,0.042376,0.073061
2.373000144958496,-3.961276,-0.912501,-12.615761,0.35599,0.042376,0.073061
2.373000144958496,-3.961276,-0.912501,-12.615761,0.35599,0.042376,0.073061
2.373000144958496,-3.961276,-0.912501,-12.615761,0.35599,0.042376,0.073061
2.373000144958496,-3.961276,-0.912501,-12.615761,0.35599,0.042376,0.073061
2.373000144958496,-3.961276,-0.912501,-12.615761,0.35599,0.042376,0.073061
2.373000144958496,-3.961276,-0.912501,-12.615761,0.35599,0.042376,0.073061
2.373000144958496,-3.961276,-0.912501,-12.615761,0.35599,0.042376,0.073061
2.373000144958496,-3.961276,-0.912501,-12.615761,0.35599,0.042376,0.073061
2.373000144958496,-3.961276,-0.912501,-12.615761,0.35599,0.042376,0.073061
2.373000144958496,-3.961276,-0.912501,-12.615761,0.35599,0.042376,0.073061
2.373000144958496,-3.961276,-0.912501,-12.615761,0.35599,0.042376,0.073061
2.373000144958496,-3.961276,-0.912501,-12.615761,0.35599,0.042376,0.073061
2.373000144958496,-3.961276,-0.912501,-12.615761,0.35599,0.042376,0.073061
2.373000144958496,-3.961276,-0.912501,-12.615761,0.35599,0.042376,0.073061
2.373000144958496,-3.961276,-0.912501,-12.615761,0.35599,0.042376,0.073061
2.373000144958496,-3.961276,-0.912501,-12.615761,0.35599,0.042376,0.073061
2.373000144958496,-3.961276,-0.912501,-12.615761,0.35599,0.042376,0.073061
2.373000144958496,-3.961276,-0.912501,-12.615761,0.35599,0.042376,0.073061
2.373000144958496,-3.961276,-0.912501,-12.615761,0.35599,0.042376,0.073061
2.373000144958496,-3.961276,-0.912501,-12.615761,0.35599,0.042376,0.073061
2.373000144958496,-3.961276,-0.912501,-12.615761,0.35599,0.042376,0.073061
2.373000144958496,-3.961276,-0.912501,-12.615761,0.35599,0.042376,0.073061
2.373000144958496,-3.961276,-0.912501,-12.615761,0.35599,0.042376,0.073061
2.373000144958496,-3.961276,-0.912501,-12.615761,0.35599,0.042376,0.073061
2.373000144958496,-3.961276,-0.912501,-12.615761,0.35599,0.042376,0.073061
2.373000144958496,-3.961276,-0.912501,-12.615761,0.35599,0.042376,0.073061
2.373000144958496,-3.961276,-0.912501,-12.615761,0.35599,0.042376,0.073061
2.373000144958496,-3.961276,-0.912501,-12.615761,0.35599,0.042376,0.073061
2.373000144958496,-3.961276,-0.912501,-12.615761,0.35599,0.042376,0.073061
2.373000144958496,-3.961276,-0.912501,-12.615761,0.35599,0.042376,0.073061
2.373000144958496,-3.961276,-0.912501,-12.615761,0.35599,0.042376,0.073061
2.373000144958496,-3.961276,-0.912501,-12.615761,0.35599,0.042376,0.073061
2.373000144958496,-3.961276,-0.912501,-12.615761,0.35599,0.042376,0.073061
2.373000144958496,-3.961276,-0.912501,-12.615761,0.35599,0.042376,0.073061
2.373000144958496,-3.961276,-0.912501,-12.615761,0.35599,0.042376,0.073061
2.373000144958496,-3.961276,-0.912501,-12.615761,0.35599,0.042376,0.073061
2.373000144958496,-3.961276,-0.912501,-12.615761,0.35599,0.042376,0.073061
2.373000144958496,-3.961276,-0.912501,-12.615761,0.35599,0.042376,0.073061
2.373000144958496,-3.961276,-0.912501,-12.615761,0.35599,0.042376,0.073061
2.373000144958496,-3.961276,-0.912501,-12.615761,0.35599,0.042376,0.073061
2.373000144958496,-3.961276,-0.912501,-12.615761,0.35599,0.042376,0.073061
2.373000144958496,-3.961276,-0.912501,-12.615761,0.35599,0.042376,0.073061
2.373000144958496,-3.961276,-0.912501,-12.615761,0.35599,0.042376,0.073061
2.373000144958496,-3.961276,-0.912501,-12.615761,0.35599,0.042376,0.073061
2.373000144958496,-3.961276,-0.912501,-12.615761,0.35599,0.042376,0.073061
2.373000144958496,-3.961276,-0.912501,-12.615761,0.35599,0.042376,0.073061
2.373000144958496,-3.961276,-0.912501,-12.615761,0.35599,0.042376,0.073061
2.373000144958496,-3.961276,-0.912501,-12.615761,0.35599,0.042376,0.073061
2.373000144958496,-3.961276,-0.912501,-12.615761,0.35599,0.042376,0.073061
2.373000144958496,-3.961276,-0.912501,-12.615761,0.35599,0.042376,0.073061
2.373000144958496,-3.961276,-0.912501,-12.615761,0.35599,0.042376,0.073061
2.373000144958496,-3.961276,-0.912501,-12.615761,0.35599,0.042376,0.073061
2.373000144958496,-3.961276,-0.912501,-12.615761,0.35599,0.042376,0.073061
2.373000144958496,-3.961276,-0.912501,-12.615761,0.35599,0.042376,0.073061
2.373000144958496,-3.961276,-0.912501,-12.615761,0.35599,0.042376,0.073061
2.373000144958496,-3.961276,-0.912501,-12.615761,0.35599,0.042376,0.073061
2.373000144958496,-3.961276,-0.912501,-12.615761,0.35599,0.042376,0.073061
2.373000144958496,-3.961276,-0.912501,-12.615761,0.35599,0.042376,0.073061
2.373000144958496,-3.961276,-0.912501,-12.615761,0.35599,0.042376,0.073061
2.373000144958496,-3.961276,-0.912501,-12.615761,0.35599,0.042376,0.073061
2.373000144958496,-3.961276,-0.912501,-12.615761,0.35599,0.042376,0.073061
2.373000144958496,-3.961276,-0.912501,-12.615761,0.35599,0.042376,0.073061
2.373000144958496,-3.961276,-0.912501,-12.615761,0.35599,0.042376,0.073061
2.373000144958496,-3.961276,-0.912501,-12.615761,0.35599,0.042376,0.073061
2.373000144958496,-3.961276,-0.912501,-12.615761,0.35599,0.042376,0.073061
2.373000144958496,-3.961276,-0.912501,-12.615761,0.35599,0.042376,0.073061
2.373000144958496,-3.961276,-0.912501,-12.615761,0.35599,0.042376,0.073061
2.373000144958496,-3.961276,-0.912501,-12.615761,0.35599,0.042376,0.073061
2.373000144958496,-3.961276,-0.912501,-12.615761,0.35599,0.042376,0.073061
2.373000144958496,-3.961276,-0.912501,-12.615761,0.35599,0.042376,0.073061
2.373000144958496,-3.961276,-0.912501,-12.615761,0.35599,0.042376,0.073061
2.373000144958496,-3.961276,-0.912501,-12.615761,0.35599,0.042376,0.073061
2.373000144958496,-3.961276,-0.912501,-12.615761,0.35599,0.042376,0.073061
2.373000144958496,-3.961276,-0.912501,-12.615761,0.35599,0.042376,0.073061
2.373000144958496,-3.961276,-0.912501,-12.615761,0.35599,0.042376,0.073061
2.373000144958496,-3.961276,-0.912501,-12.615761,0.35599,0.042376,0.073061
2.373000144958496,-3.961276,-0.912501,-12.615761,0.35599,0.042376,0.073061
2.373000144958496,-3.961276,-0.912501,-12.615761,0.35599,0.042376,0.073061
2.373000144958496,-3.961276,-0.912501,-12.615761,0.35599,0.042376,0.073061
2.373000144958496,-3.961276,-0.912501,-12.615761,0.35599,0.042376,0.073061
2.373000144958496,-3.961276,-0.912501,-12.615761,0.35599,0.042376,0.073061
2.373000144958496,-3.961276,-0.912501,-12.615761,0.35599,0.042376,0.073061
2.373000144958496,-3.961276,-0.912501,-12.615761,0.35599,0.042376,0.073061
2.373000144958496,-3.961276,-0.912501,-12.615761,0.35599,0.042376,0.073061
2.373000144958496,-3.961276,-0.912501,-12.615761,0.35599,0.042376,0.073061
2.373000144958496,-3.961276,-0.912501,-12.615761,0.35599,0.042376,0.073061
2.373000144958496,-3.961276,-0.912501,-12.615761,0.35599,0.042376,0.073061
2.373000144958496,-3.961276,-0.912501,-12.615761,0.35599,0.042376,0.073061
2.373000144958496,-3.961276,-0.912501,-12.615761,0.35599,0.042376,0.073061
2.373000144958496,-3.961276,-0.912501,-12.615761,0.35599,0.042376,0.073061
2.373000144958496,-3.961276,-0.912501,-12.615761,0.35599,0.042376,0.073061
2.373000144958496,-3.961276,-0.912501,-12.615761,0.35599,0.042376,0.073061
2.373000144958496,-3.961276,-0.912501,-12.615761,0.35599,0.042376,0.073061
2.373000144958496,-3.961276,-0.912501,-12.615761,0.35599,0.042376,0.073061
2.373000144958496,-3.961276,-0.912501,-12.615761,0.35599,0.042376,0.073061
2.373000144958496,-3.961276,-0.912501,-12.615761,0.35599,0.042376,0.073061
2.373000144958496,-3.961276,-0.912501,-12.615761,0.35599,0.042376,0.073061
2.373000144958496,-3.961276,-0.912501,-12.615761,0.35599,0.042376,0.073061
2.373000144958496,-3.961276,-0.912501,-12.615761,0.35599,0.042376,0.073061
2.373000144958496,-3.961276,-0.912501,-12.615761,0.35599,0.042376,0.073061
2.373000144958496,-3.961276,-0.912501,-12.615761,0.35599,0.042376,0.073061
2.373000144958496,-3.961276,-0.912501,-12.615761,0.35599,0.042376,0.073061
2.373000144958496,-3.961276,-0.912501,-12.615761,0.35599,0.042376,0.073061
2.373000144958496,-3.961276,-0.912501,-12.615761,0.35599,0.042376,0.073061
2.373000144958496,-3.961276,-0.912501,-12.615761,0.35599,0.042376,0.073061
2.373000144958496,-3.961276,-0.912501,-12.615761,0.35599,0.042376,0.073061
2.373000144958496,-3.961276,-0.912501,-12.615761,0.35599,0.042376,0.073061
2.373000144958496,-3.961276,-0.912501,-12.615761,0.35599,0.042376,0.073061
2.373000144958496,-3.961276,-0.912501,-12.615761,0.35599,0.042376,0.073061
2.373000144958496,-3.961276,-0.912501,-12.615761,0.35599,0.042376,0.073061
2.373000144958496,-3.961276,-0.912501,-12.615761,0.35599,0.042376,0.073061
2.373000144958496,-3.961276,-0.912501,-12.615761,0.35599,0.042376,0.073061
2.373000144958496,-3.961276,-0.912501,-12.615761,0.35599,0.042376,0.073061
2.373000144958496,-3.961276,-0.912501,-12.615761,0.35599,0.042376,0.073061
2.373000144958496,-3.961276,-0.912501,-12.615761,0.35599,0.042376,0.073061
2.373000144958496,-3.961276,-0.912501,-12.615761,0.35599,0.042376,0.073061
2.373000144958496,-3.961276,-0.912501,-12.615761,0.35599,0.042376,0.073061
2.373000144958496,-3.961276,-0.912501,-12.615761,0.35599,0.042376,0.073061
2.373000144958496,-3.961276,-0.912501,-12.615761,0.35599,0.042376,0.073061
2.373000144958496,-3.961276,-0.912501,-12.615761,0.35599,0.042376,0.073061
2.373000144958496,-3.961276,-0.912501,-12.615761,0.35599,0.042376,0.073061
2.373000144958496,-3.961276,-0.912501,-12.615761,0.35599,0.042376,0.073061
2.373000144958496,-3.961276,-0.912501,-12.615761,0.35599,0.042376,0.073061
2.373000144958496,-3.961276,-0.912501,-12.615761,0.35599,0.042376,0.073061
2.373000144958496,-3.961276,-0.912501,-12.615761,0.35599,0.042376,0.073061
2.373000144958496,-3.961276,-0.912501,-12.615761,0.35599,0.042376,0.073061
2.373000144958496,-3.961276,-0.912501,-12.615761,0.35599,0.042376,0.073061
2.373000144958496,-3.961276,-0.912501,-12.615761,0.35599,0.042376,0.073061
2.373000144958496,-3.961276,-0.912501,-12.615761,0.35599,0.042376,0.073061
2.373000144958496,-3.961276,-0.912501,-12.615761,0.35599,0.042376,0.073061
2.373000144958496,-3.961276,-0.912501,-12.615761,0.35599,0.042376,0.073061
2.373000144958496,-3.961276,-0.912501,-12.615761,0.35599,0.042376,0.073061
2.373000144958496,-3.961276,-0.912501,-12.615761,0.35599,0.042376,0.073061
2.373000144958496,-3.961276,-0.912501,-12.615761,0.35599,0.042376,0.073061
2.373000144958496,-3.961276,-0.912501,-12.615761,0.35599,0.042376,0.073061
2.373000144958496,-3.961276,-0.912501,-12.615761,0.35599,0.042376,0.073061
2.373000144958496,-3.961276,-0.912501,-12.615761,0.35599,0.042376,0.073061
2.373000144958496,-3.961276,-0.912501,-12.615761,0.35599,0.042376,0.073061
2.373000144958496,-3.961276,-0.912501,-12.615761,0.35599,0.042376,0.073061
2.373000144958496,-3.961276,-0.912501,-12.615761,0.35599,0.042376,0.073061
2.373000144958496,-3.961276,-0.912501,-12.615761,0.35599,0.042376,0.073061
2.373000144958496,-3.961276,-0.912501,-12.615761,0.35599,0.042376,0.073061
2.373000144958496,-3.961276,-0.912501,-12.615761,0.35599,0.042376,0.073061
2.373000144958496,-3.961276,-0.912501,-12.615761,0.35599,0.042376,0.073061
2.373000144958496,-3.961276,-0.912501,-12.615761,0.35599,0.042376,0.073061
2.373000144958496,-3.961276,-0.912501,-12.615761,0.35599,0.042376,0.073061
2.373000144958496,-3.961276,-0.912501,-12.615761,0.35599,0.042376,0.073061
2.373000144958496,-3.961276,-0.912501,-12.615761,0.35599,0.042376,0.073061
2.373000144958496,-3.961276,-0.912501,-12.615761,0.35599,0.042376,0.073061
2.373000144958496,-3.961276,-0.912501,-12.615761,0.35599,0.042376,0.073061
2.373000144958496,-3.961276,-0.912501,-12.615761,0.35599,0.042376,0.073061
2.373000144958496,-3.961276,-0.912501,-12.615761,0.35599,0.042376,0.073061
2.373000144958496,-3.961276,-0.912501,-12.615761,0.35599,0.042376,0.073061
2.373000144958496,-3.961276,-0.912501,-12.615761,0.35599,0.042376,0.073061
2.373000144958496,-3.961276,-0.912501,-12.615761,0.35599,0.042376,0.073061
2.373000144958496,-3.961276,-0.912501,-12.615761,0.35599,0.042376,0.073061
2.373000144958496,-3.961276,-0.912501,-12.615761,0.35599,0.042376,0.073061
2.373000144958496,-3.961276,-0.912501,-12.615761,0.35599,0.042376,0.073061
2.373000144958496,-3.961276,-0.912501,-12.615761,0.35599,0.042376,0.073061
2.373000144958496,-3.961276,-0.912501,-12.615761,0.35599,0.042376,0.073061
2.373000144958496,-3.961276,-0.912501,-12.615761,0.35599,0.042376,0.073061
2.373000144958496,-3.961276,-0.912501,-12.615761,0.35599,0.042376,0.073061
2.373000144958496,-3.961276,-0.912501,-12.615761,0.35599,0.042376,0.073061
2.373000144958496,-3.961276,-0.912501,-12.615761,0.35599,0.042376,0.073061
2.373000144958496,-3.961276,-0.912501,-12.615761,0.35599,0.042376,0.073061
2.373000144958496,-3.961276,-0.912501,-12.615761,0.35599,0.042376,0.073061
2.373000144958496,-3.961276,-0.912501,-12.615761,0.35599,0.042376,0.073061
2.373000144958496,-3.961276,-0.912501,-12.615761,0.35599,0.042376,0.073061
2.373000144958496,-3.961276,-0.912501,-12.615761,0.35599,0.042376,0.073061
2.373000144958496,-3.961276,-0.912501,-12.615761,0.35599,0.042376,0.073061
2.373000144958496,-3.961276,-0.912501,-12.615761,0.35599,0.042376,0.073061
2.373000144958496,-3.961276,-0.912501,-12.615761,0.35599,0.042376,0.073061
2.373000144958496,-3.961276,-0.912501,-12.615761,0.35599,0.042376,0.073061
2.373000144958496,-3.961276,-0.912501,-12.615761,0.35599,0.042376,0.073061
2.373000144958496,-3.961276,-0.912501,-12.615761,0.35599,0.042376,0.073061
2.373000144958496,-3.961276,-0.912501,-12.615761,0.35599,0.042376,0.073061
2.373000144958496,-3.961276,-0.912501,-12.615761,0.35599,0.042376,0.073061
2.373000144958496,-3.961276,-0.912501,-12.615761,0.35599,0.042376,0.073061
2.373000144958496,-3.961276,-0.912501,-12.615761,0.35599,0.042376,0.073061
2.373000144958496,-3.961276,-0.912501,-12.615761,0.35599,0.042376,0.073061
2.373000144958496,-3.961276,-0.912501,-12.615761,0.35599,0.042376,0.073061
2.373000144958496,-3.961276,-0.912501,-12.615761,0.35599,0.042376,0.073061
2.373000144958496,-3.961276,-0.912501,-12.615761,0.35599,0.042376,0.073061
2.373000144958496,-3.961276,-0.912501,-12.615761,0.35599,0.042376,0.073061
2.373000144958496,-3.961276,-0.912501,-12.615761,0.35599,0.042376,0.073061
2.373000144958496,-3.961276,-0.912501,-12.615761,0.35599,0.042376,0.073061
2.373000144958496,-3.961276,-0.912501,-12.615761,0.35599,0.042376,0.073061
2.373000144958496,-3.961276,-0.912501,-12.615761,0.35599,0.042376,0.073061
2.373000144958496,-3.961276,-0.912501,-12.615761,0.35599,0.042376,0.073061
2.373000144958496,-3.961276,-0.912501,-12.615761,0.35599,0.042376,0.073061
2.373000144958496,-3.961276,-0.912501,-12.615761,0.35599,0.042376,0.073061
2.373000144958496,-3.961276,-0.912501,-12.615761,0.35599,0.042376,0.073061
2.373000144958496,-3.961276,-0.912501,-12.615761,0.35599,0.042376,0.073061
2.373000144958496,-3.961276,-0.912501,-12.615761,0.35599,0.042376,0.073061
2.373000144958496,-3.961276,-0.912501,-12.615761,0.35599,0.042376,0.073061
2.373000144958496,-3.961276,-0.912501,-12.615761,0.35599,0.042376,0.073061
2.373000144958496,-3.961276,-0.912501,-12.615761,0.35599,0.042376,0.073061
2.373000144958496,-3.961276,-0.912501,-12.615761,0.35599,0.042376,0.073061
2.373000144958496,-3.961276,-0.912501,-12.615761,0.35599,0.042376,0.073061
2.373000144958496,-3.961276,-0.912501,-12.615761,0.35599,0.042376,0.073061
2.373000144958496,-3.961276,-0.912501,-12.615761,0.35599,0.042376,0.073061
2.373000144958496,-3.961276,-0.912501,-12.615761,0.35599,0.042376,0.073061
2.373000144958496,-3.961276,-0.912501,-12.615761,0.35599,0.042376,0.073061
2.373000144958496,-3.961276,-0.912501,-12.615761,0.35599,0.042376,0.073061
2.373000144958496,-3.961276,-0.912501,-12.615761,0.35599,0.042376,0.073061
2.373000144958496,-3.961276,-0.912501,-12.615761,0.35599,0.042376,0.073061
2.373000144958496,-3.961276,-0.912501,-12.615761,0.35599,0.042376,0.073061
2.373000144958496,-3.961276,-0.912501,-12.615761,0.35599,0.042376,0.073061
2.373000144958496,-3.961276,-0.912501,-12.615761,0.35599,0.042376,0.073061
2.373000144958496,-3.961276,-0.912501,-12.615761,0.35599,0.042376,0.073061
2.373000144958496,-3.961276,-0.912501,-12.615761,0.35599,0.042376,0.073061
2.373000144958496,-3.961276,-0.912501,-12.615761,0.35599,0.042376,0.073061
2.373000144958496,-3.961276,-0.912501,-12.615761,0.35599,0.042376,0.073061
2.373000144958496,-3.961276,-0.912501,-12.615761,0.35599,0.042376,0.073061
2.373000144958496,-3.961276,-0.912501,-12.615761,0.35599,0.042376,0.073061
2.373000144958496,-3.961276,-0.912501,-12.615761,0.35599,0.042376,0.073061
2.373000144958496,-3.961276,-0.912501,-12.615761,0.35599,0.042376,0.073061
2.373000144958496,-3.961276,-0.912501,-12.615761,0.35599,0.042376,0.073061
2.373000144958496,-3.961276,-0.912501,-12.615761,0.35599,0.042376,0.073061
2.373000144958496,-3.961276,-0.912501,-12.615761,0.35599,0.042376,0.073061
2.373000144958496,-3.961276,-0.912501,-12.615761,0.35599,0.042376,0.073061
2.373000144958496,-3.961276,-0.912501,-12.615761,0.35599,0.042376,0.073061
2.373000144958496,-3.961276,-0.912501,-12.615761,0.35599,0.042376,0.073061
2.373000144958496,-3.961276,-0.912501,-12.615761,0.35599,0.042376,0.073061
2.373000144958496,-3.961276,-0.912501,-12.615761,0.35599,0.042376,0.073061
2.373000144958496,-3.961276,-0.912501,-12.615761,0.35599,0.042376,0.073061
2.373000144958496,-3.961276,-0.912501,-12.615761,0.35599,0.042376,0.073061
2.373000144958496,-3.961276,-0.912501,-12.615761,0.35599,0.042376,0.073061
2.373000144958496,-3.961276,-0.912501,-12.615761,0.35599,0.042376,0.073061
2.373000144958496,-3.961276,-0.912501,-12.615761,0.35599,0.042376,0.073061
2.373000144958496,-3.961276,-0.912501,-12.615761,0.35599,0.042376,0.073061
2.373000144958496,-3.961276,-0.912501,-12.615761,0.35599,0.042376,0.073061
2.373000144958496,-3.961276,-0.912501,-12.615761,0.35599,0.042376,0.073061
2.373000144958496,-3.961276,-0.912501,-12.615761,0.35599,0.042376,0.073061
2.373000144958496,-3.961276,-0.912501,-12.615761,0.35599,0.042376,0.073061
2.373000144958496,-3.961276,-0.912501,-12.615761,0.35599,0.042376,0.073061
2.373000144958496,-3.961276,-0.912501,-12.615761,0.35599,0.042376,0.073061
2.373000144958496,-3.961276,-0.912501,-12.615761,0.35599,0.042376,0.073061
2.373000144958496,-3.961276,-0.912501,-12.615761,0.35599,0.042376,0.073061
2.373000144958496,-3.961276,-0.912501,-12.615761,0.35599,0.042376,0.073061
2.373000144958496,-3.961276,-0.912501,-12.615761,0.35599,0.042376,0.073061
2.373000144958496,-3.961276,-0.912501,-12.615761,0.35599,0.042376,0.073061
2.373000144958496,-3.961276,-0.912501,-12.615761,0.35599,0.042376,0.073061
2.373000144958496,-3.961276,-0.912501,-12.615761,0.35599,0.042376,0.073061
2.373000144958496,-3.961276,-0.912501,-12.615761,0.35599,0.042376,0.073061
2.373000144958496,-3.961276,-0.912501,-12.615761,0.35599,0.042376,0.073061
2.373000144958496,-3.961276,-0.912501,-12.615761,0.35599,0.042376,0.073061
2.373000144958496,-3.961276,-0.912501,-12.615761,0.35599,0.042376,0.073061
2.373000144958496,-3.961276,-0.912501,-12.615761,0.35599,0.042376,0.073061
2.373000144958496,-3.961276,-0.912501,-12.615761,0.35599,0.042376,0.073061
2.373000144958496,-3.961276,-0.912501,-12.615761,0.35599,0.042376,0.073061
2.373000144958496,-3.961276,-0.912501,-12.615761,0.35599,0.042376,0.073061
2.373000144958496,-3.961276,-0.912501,-12.615761,0.35599,0.042376,0.073061
2.373000144958496,-3.961276,-0.912501,-12.615761,0.35599,0.042376,0.073061
2.373000144958496,-3.961276,-0.912501,-12.615761,0.35599,0.042376,0.073061
2.373000144958496,-3.961276,-0.912501,-12.615761,0.35599,0.042376,0.073061
2.373000144958496,-3.961276,-0.912501,-12.615761,0.35599,0.042376,0.073061
2.373000144958496,-3.961276,-0.912501,-12.615761,0.35599,0.042376,0.073061
2.373000144958496,-3.961276,-0.912501,-12.615761,0.35599,0.042376,0.073061
2.373000144958496,-3.961276,-0.912501,-12.615761,0.35599,0.042376,0.073061
2.373000144958496,-3.961276,-0.912501,-12.615761,0.35599,0.042376,0.073061
2.373000144958496,-3.961276,-0.912501,-12.615761,0.35599,0.042376,0.073061
2.373000144958496,-3.961276,-0.912501,-12.615761,0.35599,0.042376,0.073061
2.373000144958496,-3.961276,-0.912501,-12.615761,0.35599,0.042376,0.073061
2.373000144958496,-3.961276,-0.912501,-12.615761,0.35599,0.042376,0.073061
2.373000144958496,-3.961276,-0.912501,-12.615761,0.35599,0.042376,0.073061
2.373000144958496,-3.961276,-0.912501,-12.615761,0.35599,0.042376,0.073061
2.373000144958496,-3.961276,-0.912501,-12.615761,0.35599,0.042376,0.073061
2.373000144958496,-3.961276,-0.912501,-12.615761,0.35599,0.042376,0.073061
2.373000144958496,-3.961276,-0.912501,-12.615761,0.35599,0.042376,0.073061
2.373000144958496,-3.961276,-0.912501,-12.615761,0.35599,0.042376,0.073061
2.373000144958496,-3.961276,-0.912501,-12.615761,0.35599,0.042376,0.073061
2.373000144958496,-3.961276,-0.912501,-12.615761,0.35599,0.042376,0.073061
2.373000144958496,-3.961276,-0.912501,-12.615761,0.35599,0.042376,0.073061
2.373000144958496,-3.961276,-0.912501,-12.615761,0.35599,0.042376,0.073061
2.373000144958496,-3.961276,-0.912501,-12.615761,0.35599,0.042376,0.073061
2.373000144958496,-3.961276,-0.912501,-12.615761,0.35599,0.042376,0.073061
2.373000144958496,-3.961276,-0.912501,-12.615761,0.35599,0.042376,0.073061
2.373000144958496,-3.961276,-0.912501,-12.615761,0.35599,0.042376,0.073061
2.373000144958496,-3.961276,-0.912501,-12.615761,0.35599,0.042376,0.073061
2.373000144958496,-3.961276,-0.912501,-12.615761,0.35599,0.042376,0.073061
2.373000144958496,-3.961276,-0.912501,-12.615761,0.35599,0.042376,0.073061
2.373000144958496,-3.961276,-0.912501,-12.615761,0.35599,0.042376,0.073061
2.373000144958496,-3.961276,-0.912501,-12.615761,0.35599,0.042376,0.073061
2.373000144958496,-3.961276,-0.912501,-12.615761,0.35599,0.042376,0.073061
2.373000144958496,-3.961276,-0.912501,-12.615761,0.35599,0.042376,0.073061
2.373000144958496,-3.961276,-0.912501,-12.615761,0.35599,0.042376,0.073061
2.373000144958496,-3.961276,-0.912501,-12.615761,0.35599,0.042376,0.073061
2.373000144958496,-3.961276,-0.912501,-12.615761,0.35599,0.042376,0.073061
2.373000144958496,-3.961276,-0.912501,-12.615761,0.35599,0.042376,0.073061
2.373000144958496,-3.961276,-0.912501,-12.615761,0.35599,0.042376,0.073061
2.373000144958496,-3.961276,-0.912501,-12.615761,0.35599,0.042376,0.073061
2.373000144958496,-3.961276,-0.912501,-12.615761,0.35599,0.042376,0.073061
2.373000144958496,-3.961276,-0.912501,-12.615761,0.35599,0.042376,0.073061
2.373000144958496,-3.961276,-0.912501,-12.615761,0.35599,0.042376,0.073061
2.373000144958496,-3.961276,-0.912501,-12.615761,0.35599,0.042376,0.073061
2.373000144958496,-3.961276,-0.912501,-12.615761,0.35599,0.042376,0.073061
2.373000144958496,-3.961276,-0.912501,-12.615761,0.35599,0.042376,0.073061
2.373000144958496,-3.961276,-0.912501,-12.615761,0.35599,0.042376,0.073061
2.373000144958496,-3.961276,-0.912501,-12.615761,0.35599,0.042376,0.073061
2.373000144958496,-3.961276,-0.912501,-12.615761,0.35599,0.042376,0.073061
2.373000144958496,-3.961276,-0.912501,-12.615761,0.35599,0.042376,0.073061
2.373000144958496,-3.961276,-0.912501,-12.615761,0.35599,0.042376,0.073061
2.373000144958496,-3.961276,-0.912501,-12.615761,0.35599,0.042376,0.073061
2.373000144958496,-3.961276,-0.912501,-12.615761,0.35599,0.042376,0.073061
2.373000144958496,-3.961276,-0.912501,-12.615761,0.35599,0.042376,0.073061
2.373000144958496,-3.961276,-0.912501,-12.615761,0.35599,0.042376,0.073061
2.373000144958496,-3.961276,-0.912501,-12.615761,0.35599,0.042376,0.073061
2.373000144958496,-3.961276,-0.912501,-12.615761,0.35599,0.042376,0.073061
2.373000144958496,-3.961276,-0.912501,-12.615761,0.35599,0.042376,0.073061
2.373000144958496,-3.961276,-0.912501,-12.615761,0.35599,0.042376,0.073061
2.373000144958496,-3.961276,-0.912501,-12.615761,0.35599,0.042376,0.073061
2.373000144958496,-3.961276,-0.912501,-12.615761,0.35599,0.042376,0.073061
2.373000144958496,-3.961276,-0.912501,-12.615761,0.35599,0.042376,0.073061
2.373000144958496,-3.961276,-0.912501,-12.615761,0.35599,0.042376,0.073061
2.373000144958496,-3.961276,-0.912501,-12.615761,0.35599,0.042376,0.073061
2.373000144958496,-3.961276,-0.912501,-12.615761,0.35599,0.042376,0.073061
2.373000144958496,-3.961276,-0.912501,-12.615761,0.35599,0.042376,0.073061
2.373000144958496,-3.961276,-0.912501,-12.615761,0.35599,0.042376,0.073061
2.373000144958496,-3.961276,-0.912501,-12.615761,0.35599,0.042376,0.073061
2.373000144958496,-3.961276,-0.912501,-12.615761,0.35599,0.042376,0.073061
2.373000144958496,-3.961276,-0.912501,-12.615761,0.35599,0.042376,0.073061
2.373000144958496,-3.961276,-0.912501,-12.615761,0.35599,0.042376,0.073061
2.373000144958496,-3.961276,-0.912501,-12.615761,0.35599,0.042376,0.073061
2.373000144958496,-3.961276,-0.912501,-12.615761,0.35599,0.042376,0.073061
2.373000144958496,-3.961276,-0.912501,-12.615761,0.35599,0.042376,0.073061
2.373000144958496,-3.961276,-0.912501,-12.615761,0.35599,0.042376,0.073061
2.373000144958496,-3.961276,-0.912501,-12.615761,0.35599,0.042376,0.073061
2.373000144958496,-3.961276,-0.912501,-12.615761,0.35599,0.042376,0.073061
2.373000144958496,-3.961276,-0.912501,-12.615761,0.35599,0.042376,0.073061
2.373000144958496,-3.961276,-0.912501,-12.615761,0.35599,0.042376,0.073061
2.373000144958496,-3.961276,-0.912501,-12.615761,0.35599,0.042376,0.073061
2.373000144958496,-3.961276,-0.912501,-12.615761,0.35599,0.042376,0.073061
2.373000144958496,-3.961276,-0.912501,-12.615761,0.35599,0.042376,0.073061
2.373000144958496,-3.961276,-0.912501,-12.615761,0.35599,0.042376,0.073061
2.373000144958496,-3.961276,-0.912501,-12.615761,0.35599,0.042376,0.073061
2.373000144958496,-3.961276,-0.912501,-12.615761,0.35599,0.042376,0.073061
2.373000144958496,-3.961276,-0.912501,-12.615761,0.35599,0.042376,0.073061
2.373000144958496,-3.961276,-0.912501,-12.615761,0.35599,0.042376,0.073061
2.373000144958496,-3.961276,-0.912501,-12.615761,0.35599,0.042376,0.073061
2.373000144958496,-3.961276,-0.912501,-12.615761,0.35599,0.042376,0.073061
2.373000144958496,-3.961276,-0.912501,-12.615761,0.35599,0.042376,0.073061
2.373000144958496,-3.961276,-0.912501,-12.615761,0.35599,0.042376,0.073061
2.373000144958496,-3.961276,-0.912501,-12.615761,0.35599,0.042376,0.073061
2.373000144958496,-3.961276,-0.912501,-12.615761,0.35599,0.042376,0.073061
2.373000144958496,-3.961276,-0.912501,-12.615761,0.35599,0.042376,0.073061
2.373000144958496,-3.961276,-0.912501,-12.615761,0.35599,0.042376,0.073061
2.373000144958496,-3.961276,-0.912501,-12.615761,0.35599,0.042376,0.073061
2.373000144958496,-3.961276,-0.912501,-12.615761,0.35599,0.042376,0.073061
2.373000144958496,-3.961276,-0.912501,-12.615761,0.35599,0.042376,0.073061
2.373000144958496,-3.961276,-0.912501,-12.615761,0.35599,0.042376,0.073061
2.373000144958496,-3.961276,-0.912501,-12.615761,0.35599,0.042376,0.073061
2.373000144958496,-3.961276,-0.912501,-12.615761,0.35599,0.042376,0.073061
2.373000144958496,-3.961276,-0.912501,-12.615761,0.35599,0.042376,0.073061
2.373000144958496,-3.961276,-0.912501,-12.615761,0.35599,0.042376,0.073061
2.373000144958496,-3.961276,-0.912501,-12.615761,0.35599,0.042376,0.073061
2.373000144958496,-3.961276,-0.912501,-12.615761,0.35599,0.042376,0.073061
2.373000144958496,-3.961276,-0.912501,-12.615761,0.35599,0.042376,0.073061
2.373000144958496,-3.961276,-0.912501,-12.615761,0.35599,0.042376,0.073061
2.373000144958496,-3.961276,-0.912501,-12.615761,0.35599,0.042376,0.073061
2.373000144958496,-3.961276,-0.912501,-12.615761,0.35599,0.042376,0.073061
2.373000144958496,-3.961276,-0.912501,-12.615761,0.35599,0.042376,0.073061
2.373000144958496,-3.961276,-0.912501,-12.615761,0.35599,0.042376,0.073061
2.373000144958496,-3.961276,-0.912501,-12.615761,0.35599,0.042376,0.073061
2.373000144958496,-3.961276,-0.912501,-12.615761,0.35599,0.042376,0.073061
2.373000144958496,-3.961276,-0.912501,-12.615761,0.35599,0.042376,0.073061
2.373000144958496,-3.961276,-0.912501,-12.615761,0.35599,0.042376,0.073061
2.373000144958496,-3.961276,-0.912501,-12.615761,0.35599,0.042376,0.073061
2.373000144958496,-3.961276,-0.912501,-12.615761,0.35599,0.042376,0.073061
2.373000144958496,-3.961276,-0.912501,-12.615761,0.35599,0.042376,0.073061
2.373000144958496,-3.961276,-0.912501,-12.615761,0.35599,0.042376,0.073061
2.373000144958496,-3.961276,-0.912501,-12.615761,0.35599,0.042376,0.073061
2.373000144958496,-3.961276,-0.912501,-12.615761,0.35599,0.042376,0.073061
2.373000144958496,-3.961276,-0.912501,-12.615761,0.35599,0.042376,0.073061
2.373000144958496,-3.961276,-0.912501,-12.615761,0.35599,0.042376,0.073061
2.373000144958496,-3.961276,-0.912501,-12.615761,0.35599,0.042376,0.073061
2.373000144958496,-3.961276,-0.912501,-12.615761,0.35599,0.042376,0.073061
2.373000144958496,-3.961276,-0.912501,-12.615761,0.35599,0.042376,0.073061
2.373000144958496,-3.961276,-0.912501,-12.615761,0.35599,0.042376,0.073061
2.373000144958496,-3.961276,-0.912501,-12.615761,0.35599,0.042376,0.073061
2.373000144958496,-3.961276,-0.912501,-12.615761,0.35599,0.042376,0.073061
2.373000144958496,-3.961276,-0.912501,-12.615761,0.35599,0.042376,0.073061
2.373000144958496,-3.961276,-0.912501,-12.615761,0.35599,0.042376,0.073061
2.373000144958496,-3.961276,-0.912501,-12.615761,0.35599,0.042376,0.073061
2.373000144958496,-3.961276,-0.912501,-12.615761,0.35599,0.042376,0.073061
2.373000144958496,-3.961276,-0.912501,-12.615761,0.35599,0.042376,0.073061
2.373000144958496,-3.961276,-0.912501,-12.615761,0.35599,0.042376,0.073061
2.373000144958496,-3.961276,-0.912501,-12.615761,0.35599,0.042376,0.073061
2.373000144958496,-3.961276,-0.912501,-12.615761,0.35599,0.042376,0.073061
2.373000144958496,-3.961276,-0.912501,-12.615761,0.35599,0.042376,0.073061
2.373000144958496,-3.961276,-0.912501,-12.615761,0.35599,0.042376,0.073061
2.373000144958496,-3.961276,-0.912501,-12.615761,0.35599,0.042376,0.073061
2.373000144958496,-3.961276,-0.912501,-12.615761,0.35599,0.042376,0.073061
2.373000144958496,-3.961276,-0.912501,-12.615761,0.35599,0.042376,0.073061
2.373000144958496,-3.961276,-0.912501,-12.615761,0.35599,0.042376,0.073061
2.373000144958496,-3.961276,-0.912501,-12.615761,0.35599,0.042376,0.073061
2.373000144958496,-3.961276,-0.912501,-12.615761,0.35599,0.042376,0.073061
2.373000144958496,-3.961276,-0.912501,-12.615761,0.35599,0.042376,0.073061
2.373000144958496,-3.961276,-0.912501,-12.615761,0.35599,0.042376,0.073061
2.373000144958496,-3.961276,-0.912501,-12.615761,0.35599,0.042376,0.073061
2.373000144958496,-3.961276,-0.912501,-12.615761,0.35599,0.042376,0.073061
2.373000144958496,-3.961276,-0.912501,-12.615761,0.35599,0.042376,0.073061
2.373000144958496,-3.961276,-0.912501,-12.615761,0.35599,0.042376,0.073061
2.373000144958496,-3.961276,-0.912501,-12.615761,0.35599,0.042376,0.073061
2.373000144958496,-3.961276,-0.912501,-12.615761,0.35599,0.042376,0.073061
2.373000144958496,-3.961276,-0.912501,-12.615761,0.35599,0.042376,0.073061
2.373000144958496,-3.961276,-0.912501,-12.615761,0.35599,0.042376,0.073061
2.373000144958496,-3.961276,-0.912501,-12.615761,0.35599,0.042376,0.073061
2.373000144958496,-3.961276,-0.912501,-12.615761,0.35599,0.042376,0.073061
2.373000144958496,-3.961276,-0.912501,-12.615761,0.35599,0.042376,0.073061
2.373000144958496,-3.961276,-0.912501,-12.615761,0.35599,0.042376,0.073061
2.373000144958496,-3.961276,-0.912501,-12.615761,0.35599,0.042376,0.073061
2.373000144958496,-3.961276,-0.912501,-12.615761,0.35599,0.042376,0.073061
2.373000144958496,-3.961276,-0.912501,-12.615761,0.35599,0.042376,0.073061
2.373000144958496,-3.961276,-0.912501,-12.615761,0.35599,0.042376,0.073061
2.373000144958496,-3.961276,-0.912501,-12.615761,0.35599,0.042376,0.073061
2.373000144958496,-3.961276,-0.912501,-12.615761,0.35599,0.042376,0.073061
2.373000144958496,-3.961276,-0.912501,-12.615761,0.35599,0.042376,0.073061
2.373000144958496,-3.961276,-0.912501,-12.615761,0.35599,0.042376,0.073061
2.373000144958496,-3.961276,-0.912501,-12.615761,0.35599,0.042376,0.073061
2.373000144958496,-3.961276,-0.912501,-12.615761,0.35599,0.042376,0.073061
2.373000144958496,-3.961276,-0.912501,-12.615761,0.35599,0.042376,0.073061
2.373000144958496,-3.961276,-0.912501,-12.615761,0.35599,0.042376,0.073061
2.373000144958496,-3.961276,-0.912501,-12.615761,0.35599,0.042376,0.073061
2.373000144958496,-3.961276,-0.912501,-12.615761,0.35599,0.042376,0.073061
2.373000144958496,-3.961276,-0.912501,-12.615761,0.35599,0.042376,0.073061
2.373000144958496,-3.961276,-0.912501,-12.615761,0.35599,0.042376,0.073061
2.373000144958496,-3.961276,-0.912501,-12.615761,0.35599,0.042376,0.073061
2.373000144958496,-3.961276,-0.912501,-12.615761,0.35599,0.042376,0.073061
2.373000144958496,-3.961276,-0.912501,-12.615761,0.35599,0.042376,0.073061
2.373000144958496,-3.961276,-0.912501,-12.615761,0.35599,0.042376,0.073061
2.373000144958496,-3.961276,-0.912501,-12.615761,0.35599,0.042376,0.073061
2.373000144958496,-3.961276,-0.912501,-12.615761,0.35599,0.042376,0.073061
2.373000144958496,-3.961276,-0.912501,-12.615761,0.35599,0.042376,0.073061
2.373000144958496,-3.961276,-0.912501,-12.615761,0.35599,0.042376,0.073061
2.373000144958496,-3.961276,-0.912501,-12.615761,0.35599,0.042376,0.073061
2.373000144958496,-3.961276,-0.912501,-12.615761,0.35599,0.042376,0.073061
2.373000144958496,-3.961276,-0.912501,-12.615761,0.35599,0.042376,0.073061
2.373000144958496,-3.961276,-0.912501,-12.615761,0.35599,0.042376,0.073061
2.373000144958496,-3.961276,-0.912501,-12.615761,0.35599,0.042376,0.073061
2.373000144958496,-3.961276,-0.912501,-12.615761,0.35599,0.042376,0.073061
2.373000144958496,-3.961276,-0.912501,-12.615761,0.35599,0.042376,0.073061
2.373000144958496,-3.961276,-0.912501,-12.615761,0.35599,0.042376,0.073061
2.373000144958496,-3.961276,-0.912501,-12.615761,0.35599,0.042376,0.073061
2.373000144958496,-3.961276,-0.912501,-12.615761,0.35599,0.042376,0.073061
2.373000144958496,-3.961276,-0.912501,-12.615761,0.35599,0.042376,0.073061
2.373000144958496,-3.961276,-0.912501,-12.615761,0.35599,0.042376,0.073061
2.373000144958496,-3.961276,-0.912501,-12.615761,0.35599,0.042376,0.073061
2.373000144958496,-3.961276,-0.912501,-12.615761,0.35599,0.042376,0.073061
2.373000144958496,-3.961276,-0.912501,-12.615761,0.35599,0.042376,0.073061
2.373000144958496,-3.961276,-0.912501,-12.615761,0.35599,0.042376,0.073061
2.373000144958496,-3.961276,-0.912501,-12.615761,0.35599,0.042376,0.073061
2.373000144958496,-3.961276,-0.912501,-12.615761,0.35599,0.042376,0.073061
2.373000144958496,-3.961276,-0.912501,-12.615761,0.35599,0.042376,0.073061
2.373000144958496,-3.961276,-0.912501,-12.615761,0.35599,0.042376,0.073061
2.373000144958496,-3.961276,-0.912501,-12.615761,0.35599,0.042376,0.073061
2.373000144958496,-3.961276,-0.912501,-12.615761,0.35599,0.042376,0.073061
2.373000144958496,-3.961276,-0.912501,-12.615761,0.35599,0.042376,0.073061
2.373000144958496,-3.961276,-0.912501,-12.615761,0.35599,0.042376,0.073061
2.373000144958496,-3.961276,-0.912501,-12.615761,0.35599,0.042376,0.073061
2.373000144958496,-3.961276,-0.912501,-12.615761,0.35599,0.042376,0.073061
2.373000144958496,-3.961276,-0.912501,-12.615761,0.35599,0.042376,0.073061
2.373000144958496,-3.961276,-0.912501,-12.615761,0.35599,0.042376,0.073061
2.373000144958496,-3.961276,-0.912501,-12.615761,0.35599,0.042376,0.073061
2.373000144958496,-3.961276,-0.912501,-12.615761,0.35599,0.042376,0.073061
2.373000144958496,-3.961276,-0.912501,-12.615761,0.35599,0.042376,0.073061
2.373000144958496,-3.961276,-0.912501,-12.615761,0.35599,0.042376,0.073061
2.373000144958496,-3.961276,-0.912501,-12.615761,0.35599,0.042376,0.073061
2.373000144958496,-3.961276,-0.912501,-12.615761,0.35599,0.042376,0.073061
2.373000144958496,-3.961276,-0.912501,-12.615761,0.35599,0.042376,0.073061
2.373000144958496,-3.961276,-0.912501,-12.615761,0.35599,0.042376,0.073061
2.373000144958496,-3.961276,-0.912501,-12.615761,0.35599,0.042376,0.073061
2.373000144958496,-3.961276,-0.912501,-12.615761,0.35599,0.042376,0.073061
2.373000144958496,-3.961276,-0.912501,-12.615761,0.35599,0.042376,0.073061
2.373000144958496,-3.961276,-0.912501,-12.615761,0.35599,0.042376,0.073061
2.373000144958496,-3.961276,-0.912501,-12.615761,0.35599,0.042376,0.073061
2.373000144958496,-3.961276,-0.912501,-12.615761,0.35599,0.042376,0.073061
2.373000144958496,-3.961276,-0.912501,-12.615761,0.35599,0.042376,0.073061
2.373000144958496,-3.961276,-0.912501,-12.615761,0.35599,0.042376,0.073061
2.373000144958496,-3.961276,-0.912501,-12.615761,0.35599,0.042376,0.073061
2.373000144958496,-3.961276,-0.912501,-12.615761,0.35599,0.042376,0.073061
2.373000144958496,-3.961276,-0.912501,-12.615761,0.35599,0.042376,0.073061
2.373000144958496,-3.961276,-0.912501,-12.615761,0.35599,0.042376,0.073061
2.373000144958496,-3.961276,-0.912501,-12.615761,0.35599,0.042376,0.073061
2.373000144958496,-3.961276,-0.912501,-12.615761,0.35599,0.042376,0.073061
2.373000144958496,-3.961276,-0.912501,-12.615761,0.35599,0.042376,0.073061
2.373000144958496,-3.961276,-0.912501,-12.615761,0.35599,0.042376,0.073061
2.373000144958496,-3.961276,-0.912501,-12.615761,0.35599,0.042376,0.073061
2.373000144958496,-3.961276,-0.912501,-12.615761,0.35599,0.042376,0.073061
2.373000144958496,-3.961276,-0.912501,-12.615761,0.35599,0.042376,0.073061
2.373000144958496,-3.961276,-0.912501,-12.615761,0.35599,0.042376,0.073061
2.373000144958496,-3.961276,-0.912501,-12.615761,0.35599,0.042376,0.073061
2.373000144958496,-3.961276,-0.912501,-12.615761,0.35599,0.042376,0.073061
2.373000144958496,-3.961276,-0.912501,-12.615761,0.35599,0.042376,0.073061
2.373000144958496,-3.961276,-0.912501,-12.615761,0.35599,0.042376,0.073061
2.373000144958496,-3.961276,-0.912501,-12.615761,0.35599,0.042376,0.073061
2.373000144958496,-3.961276,-0.912501,-12.615761,0.35599,0.042376,0.073061
2.373000144958496,-3.961276,-0.912501,-12.615761,0.35599,0.042376,0.073061
2.373000144958496,-3.961276,-0.912501,-12.615761,0.35599,0.042376,0.073061
2.373000144958496,-3.961276,-0.912501,-12.615761,0.35599,0.042376,0.073061
2.373000144958496,-3.961276,-0.912501,-12.615761,0.35599,0.042376,0.073061
2.373000144958496,-3.961276,-0.912501,-12.615761,0.35599,0.042376,0.073061
2.373000144958496,-3.961276,-0.912501,-12.615761,0.35599,0.042376,0.073061
2.373000144958496,-3.961276,-0.912501,-12.615761,0.35599,0.042376,0.073061
2.373000144958496,-3.961276,-0.912501,-12.615761,0.35599,0.042376,0.073061
2.373000144958496,-3.961276,-0.912501,-12.615761,0.35599,0.042376,0.073061
2.373000144958496,-3.961276,-0.912501,-12.615761,0.35599,0.042376,0.073061
2.373000144958496,-3.961276,-0.912501,-12.615761,0.35599,0.042376,0.073061
2.373000144958496,-3.961276,-0.912501,-12.615761,0.35599,0.042376,0.073061
2.373000144958496,-3.961276,-0.912501,-12.615761,0.35599,0.042376,0.073061
2.373000144958496,-3.961276,-0.912501,-12.615761,0.35599,0.042376,0.073061
2.373000144958496,-3.961276,-0.912501,-12.615761,0.35599,0.042376,0.073061
2.373000144958496,-3.961276,-0.912501,-12.615761,0.35599,0.042376,0.073061
2.373000144958496,-3.961276,-0.912501,-12.615761,0.35599,0.042376,0.073061
2.373000144958496,-3.961276,-0.912501,-12.615761,0.35599,0.042376,0.073061
2.373000144958496,-3.961276,-0.912501,-12.615761,0.35599,0.042376,0.073061
2.373000144958496,-3.961276,-0.912501,-12.615761,0.35599,0.042376,0.073061
2.373000144958496,-3.961276,-0.912501,-12.615761,0.35599,0.042376,0.073061
2.373000144958496,-3.961276,-0.912501,-12.615761,0.35599,0.042376,0.073061
2.373000144958496,-3.961276,-0.912501,-12.615761,0.35599,0.042376,0.073061
2.373000144958496,-3.961276,-0.912501,-12.615761,0.35599,0.042376,0.073061
2.373000144958496,-3.961276,-0.912501,-12.615761,0.35599,0.042376,0.073061
2.373000144958496,-3.961276,-0.912501,-12.615761,0.35599,0.042376,0.073061
2.373000144958496,-3.961276,-0.912501,-12.615761,0.35599,0.042376,0.073061
2.373000144958496,-3.961276,-0.912501,-12.615761,0.35599,0.042376,0.073061
2.373000144958496,-3.961276,-0.912501,-12.615761,0.35599,0.042376,0.073061
2.373000144958496,-3.961276,-0.912501,-12.615761,0.35599,0.042376,0.073061
2.373000144958496,-3.961276,-0.912501,-12.615761,0.35599,0.042376,0.073061
2.373000144958496,-3.961276,-0.912501,-12.615761,0.35599,0.042376,0.073061
2.373000144958496,-3.961276,-0.912501,-12.615761,0.35599,0.042376,0.073061
2.373000144958496,-3.961276,-0.912501,-12.615761,0.35599,0.042376,0.073061
2.373000144958496,-3.961276,-0.912501,-12.615761,0.35599,0.042376,0.073061
2.373000144958496,-3.961276,-0.912501,-12.615761,0.35599,0.042376,0.073061
2.373000144958496,-3.961276,-0.912501,-12.615761,0.35599,0.042376,0.073061
2.373000144958496,-3.961276,-0.912501,-12.615761,0.35599,0.042376,0.073061
2.373000144958496,-3.961276,-0.912501,-12.615761,0.35599,0.042376,0.073061
2.373000144958496,-3.961276,-0.912501,-12.615761,0.35599,0.042376,0.073061
2.373000144958496,-3.961276,-0.912501,-12.615761,0.35599,0.042376,0.073061
2.373000144958496,-3.961276,-0.912501,-12.615761,0.35599,0.042376,0.073061
2.373000144958496,-3.961276,-0.912501,-12.615761,0.35599,0.042376,0.073061
2.373000144958496,-3.961276,-0.912501,-12.615761,0.35599,0.042376,0.073061
2.373000144958496,-3.961276,-0.912501,-12.615761,0.35599,0.042376,0.073061
2.373000144958496,-3.961276,-0.912501,-12.615761,0.35599,0.042376,0.073061
2.373000144958496,-3.961276,-0.912501,-12.615761,0.35599,0.042376,0.073061
2.373000144958496,-3.961276,-0.912501,-12.615761,0.35599,0.042376,0.073061
2.373000144958496,-3.961276,-0.912501,-12.615761,0.35599,0.042376,0.073061
2.373000144958496,-3.961276,-0.912501,-12.615761,0.35599,0.042376,0.073061
2.373000144958496,-3.961276,-0.912501,-12.615761,0.35599,0.042376,0.073061
2.373000144958496,-3.961276,-0.912501,-12.615761,0.35599,0.042376,0.073061
2.373000144958496,-3.961276,-0.912501,-12.615761,0.35599,0.042376,0.073061
2.373000144958496,-3.961276,-0.912501,-12.615761,0.35599,0.042376,0.073061
2.373000144958496,-3.961276,-0.912501,-12.615761,0.35599,0.042376,0.073061
2.373000144958496,-3.961276,-0.912501,-12.615761,0.35599,0.042376,0.073061
2.373000144958496,-3.961276,-0.912501,-12.615761,0.35599,0.042376,0.073061
2.373000144958496,-3.961276,-0.912501,-12.615761,0.35599,0.042376,0.073061
2.373000144958496,-3.961276,-0.912501,-12.615761,0.35599,0.042376,0.073061
2.373000144958496,-3.961276,-0.912501,-12.615761,0.35599,0.042376,0.073061
2.373000144958496,-3.961276,-0.912501,-12.615761,0.35599,0.042376,0.073061
2.373000144958496,-3.961276,-0.912501,-12.615761,0.35599,0.042376,0.073061
2.373000144958496,-3.961276,-0.912501,-12.615761,0.35599,0.042376,0.073061
2.373000144958496,-3.961276,-0.912501,-12.615761,0.35599,0.042376,0.073061
2.373000144958496,-3.961276,-0.912501,-12.615761,0.35599,0.042376,0.073061
2.373000144958496,-3.961276,-0.912501,-12.615761,0.35599,0.042376,0.073061
2.373000144958496,-3.961276,-0.912501,-12.615761,0.35599,0.042376,0.073061
2.373000144958496,-3.961276,-0.912501,-12.615761,0.35599,0.042376,0.073061
2.373000144958496,-3.961276,-0.912501,-12.615761,0.35599,0.042376,0.073061
2.373000144958496,-3.961276,-0.912501,-12.615761,0.35599,0.042376,0.073061
2.373000144958496,-3.961276,-0.912501,-12.615761,0.35599,0.042376,0.073061
2.373000144958496,-3.961276,-0.912501,-12.615761,0.35599,0.042376,0.073061
2.373000144958496,-3.961276,-0.912501,-12.615761,0.35599,0.042376,0.073061
2.373000144958496,-3.961276,-0.912501,-12.615761,0.35599,0.042376,0.073061
2.373000144958496,-3.961276,-0.912501,-12.615761,0.35599,0.042376,0.073061
2.373000144958496,-3.961276,-0.912501,-12.615761,0.35599,0.042376,0.073061
2.373000144958496,-3.961276,-0.912501,-12.615761,0.35599,0.042376,0.073061
2.373000144958496,-3.961276,-0.912501,-12.615761,0.35599,0.042376,0.073061
2.373000144958496,-3.961276,-0.912501,-12.615761,0.35599,0.042376,0.073061
2.373000144958496,-3.961276,-0.912501,-12.615761,0.35599,0.042376,0.073061
2.373000144958496,-3.961276,-0.912501,-12.615761,0.35599,0.042376,0.073061
2.373000144958496,-3.961276,-0.912501,-12.615761,0.35599,0.042376,0.073061
2.373000144958496,-3.961276,-0.912501,-12.615761,0.35599,0.042376,0.073061
2.373000144958496,-3.961276,-0.912501,-12.615761,0.35599,0.042376,0.073061
2.373000144958496,-3.961276,-0.912501,-12.615761,0.35599,0.042376,0.073061
2.373000144958496,-3.961276,-0.912501,-12.615761,0.35599,0.042376,0.073061
2.373000144958496,-3.961276,-0.912501,-12.615761,0.35599,0.042376,0.073061
2.373000144958496,-3.961276,-0.912501,-12.615761,0.35599,0.042376,0.073061
2.373000144958496,-3.961276,-0.912501,-12.615761,0.35599,0.042376,0.073061
2.373000144958496,-3.961276,-0.912501,-12.615761,0.35599,0.042376,0.073061
2.373000144958496,-3.961276,-0.912501,-12.615761,0.35599,0.042376,0.073061
2.373000144958496,-3.961276,-0.912501,-12.615761,0.35599,0.042376,0.073061
2.373000144958496,-3.961276,-0.912501,-12.615761,0.35599,0.042376,0.073061
2.373000144958496,-3.961276,-0.912501,-12.615761,0.35599,0.042376,0.073061
2.373000144958496,-3.961276,-0.912501,-12.615761,0.35599,0.042376,0.073061
2.373000144958496,-3.961276,-0.912501,-12.615761,0.35599,0.042376,0.073061
2.373000144958496,-3.961276,-0.912501,-12.615761,0.35599,0.042376,0.073061
2.373000144958496,-3.961276,-0.912501,-12.615761,0.35599,0.042376,0.073061
2.373000144958496,-3.961276,-0.912501,-12.615761,0.35599,0.042376,0.073061
2.373000144958496,-3.961276,-0.912501,-12.615761,0.35599,0.042376,0.073061
2.373000144958496,-3.961276,-0.912501,-12.615761,0.35599,0.042376,0.073061
2.373000144958496,-3.961276,-0.912501,-12.615761,0.35599,0.042376,0.073061
2.373000144958496,-3.961276,-0.912501,-12.615761,0.35599,0.042376,0.073061
2.373000144958496,-3.961276,-0.912501,-12.615761,0.35599,0.042376,0.073061
2.373000144958496,-3.961276,-0.912501,-12.615761,0.35599,0.042376,0.073061
2.373000144958496,-3.961276,-0.912501,-12.615761,0.35599,0.042376,0.073061
2.373000144958496,-3.961276,-0.912501,-12.615761,0.35599,0.042376,0.073061
2.373000144958496,-3.961276,-0.912501,-12.615761,0.35599,0.042376,0.073061
2.373000144958496,-3.961276,-0.912501,-12.615761,0.35599,0.042376,0.073061
2.373000144958496,-3.961276,-0.912501,-12.615761,0.35599,0.042376,0.073061
2.373000144958496,-3.961276,-0.912501,-12.615761,0.35599,0.042376,0.073061
2.373000144958496,-3.961276,-0.912501,-12.615761,0.35599,0.042376,0.073061
2.373000144958496,-3.961276,-0.912501,-12.615761,0.35599,0.042376,0.073061
2.373000144958496,-3.961276,-0.912501,-12.615761,0.35599,0.042376,0.073061
2.373000144958496,-3.961276,-0.912501,-12.615761,0.35599,0.042376,0.073061
2.373000144958496,-3.961276,-0.912501,-12.615761,0.35599,0.042376,0.073061
2.373000144958496,-3.961276,-0.912501,-12.615761,0.35599,0.042376,0.073061
2.373000144958496,-3.961276,-0.912501,-12.615761,0.35599,0.042376,0.073061
2.373000144958496,-3.961276,-0.912501,-12.615761,0.35599,0.042376,0.073061
2.373000144958496,-3.961276,-0.912501,-12.615761,0.35599,0.042376,0.073061
2.373000144958496,-3.961276,-0.912501,-12.615761,0.35599,0.042376,0.073061
2.373000144958496,-3.961276,-0.912501,-12.615761,0.35599,0.042376,0.073061
2.373000144958496,-3.961276,-0.912501,-12.615761,0.35599,0.042376,0.073061
2.373000144958496,-3.961276,-0.912501,-12.615761,0.35599,0.042376,0.073061
2.373000144958496,-3.961276,-0.912501,-12.615761,0.35599,0.042376,0.073061
2.373000144958496,-3.961276,-0.912501,-12.615761,0.35599,0.042376,0.073061
2.373000144958496,-3.961276,-0.912501,-12.615761,0.35599,0.042376,0.073061
2.373000144958496,-3.961276,-0.912501,-12.615761,0.35599,0.042376,0.073061
2.373000144958496,-3.961276,-0.912501,-12.615761,0.35599,0.042376,0.073061
2.373000144958496,-3.961276,-0.912501,-12.615761,0.35599,0.042376,0.073061
2.373000144958496,-3.961276,-0.912501,-12.615761,0.35599,0.042376,0.073061
2.373000144958496,-3.961276,-0.912501,-12.615761,0.35599,0.042376,0.073061
2.373000144958496,-3.961276,-0.912501,-12.615761,0.35599,0.042376,0.073061
2.373000144958496,-3.961276,-0.912501,-12.615761,0.35599,0.042376,0.073061
2.373000144958496,-3.961276,-0.912501,-12.615761,0.35599,0.042376,0.073061
2.373000144958496,-3.961276,-0.912501,-12.615761,0.35599,0.042376,0.073061
2.373000144958496,-3.961276,-0.912501,-12.615761,0.35599,0.042376,0.073061
2.373000144958496,-3.961276,-0.912501,-12.615761,0.35599,0.042376,0.073061
2.373000144958496,-3.961276,-0.912501,-12.615761,0.35599,0.042376,0.073061
2.373000144958496,-3.961276,-0.912501,-12.615761,0.35599,0.042376,0.073061
2.373000144958496,-3.961276,-0.912501,-12.615761,0.35599,0.042376,0.073061
2.373000144958496,-3.961276,-0.912501,-12.615761,0.35599,0.042376,0.073061
2.373000144958496,-3.961276,-0.912501,-12.615761,0.35599,0.042376,0.073061
2.373000144958496,-3.961276,-0.912501,-12.615761,0.35599,0.042376,0.073061
2.373000144958496,-3.961276,-0.912501,-12.615761,0.35599,0.042376,0.073061
2.373000144958496,-3.961276,-0.912501,-12.615761,0.35599,0.042376,0.073061
2.373000144958496,-3.961276,-0.912501,-12.615761,0.35599,0.042376,0.073061
2.373000144958496,-3.961276,-0.912501,-12.615761,0.35599,0.042376,0.073061
2.373000144958496,-3.961276,-0.912501,-12.615761,0.35599,0.042376,0.073061
2.373000144958496,-3.961276,-0.912501,-12.615761,0.35599,0.042376,0.073061
2.373000144958496,-3.961276,-0.912501,-12.615761,0.35599,0.042376,0.073061
2.373000144958496,-3.961276,-0.912501,-12.615761,0.35599,0.042376,0.073061
2.373000144958496,-3.961276,-0.912501,-12.615761,0.35599,0.042376,0.073061
2.373000144958496,-3.961276,-0.912501,-12.615761,0.35599,0.042376,0.073061
2.373000144958496,-3.961276,-0.912501,-12.615761,0.35599,0.042376,0.073061
2.373000144958496,-3.961276,-0.912501,-12.615761,0.35599,0.042376,0.073061
2.373000144958496,-3.961276,-0.912501,-12.615761,0.35599,0.042376,0.073061
2.373000144958496,-3.961276,-0.912501,-12.615761,0.35599,0.042376,0.073061
2.373000144958496,-3.961276,-0.912501,-12.615761,0.35599,0.042376,0.073061
2.373000144958496,-3.961276,-0.912501,-12.615761,0.35599,0.042376,0.073061
2.373000144958496,-3.961276,-0.912501,-12.615761,0.35599,0.042376,0.073061
2.373000144958496,-3.961276,-0.912501,-12.615761,0.35599,0.042376,0.073061
2.373000144958496,-3.961276,-0.912501,-12.615761,0.35599,0.042376,0.073061
2.373000144958496,-3.961276,-0.912501,-12.615761,0.35599,0.042376,0.073061
2.373000144958496,-3.961276,-0.912501,-12.615761,0.35599,0.042376,0.073061
2.373000144958496,-3.961276,-0.912501,-12.615761,0.35599,0.042376,0.073061
2.373000144958496,-3.961276,-0.912501,-12.615761,0.35599,0.042376,0.073061
2.373000144958496,-3.961276,-0.912501,-12.615761,0.35599,0.042376,0.073061
2.373000144958496,-3.961276,-0.912501,-12.615761,0.35599,0.042376,0.073061
2.373000144958496,-3.961276,-0.912501,-12.615761,0.35599,0.042376,0.073061
2.373000144958496,-3.961276,-0.912501,-12.615761,0.35599,0.042376,0.073061
2.373000144958496,-3.961276,-0.912501,-12.615761,0.35599,0.042376,0.073061
2.373000144958496,-3.961276,-0.912501,-12.615761,0.35599,0.042376,0.073061
2.373000144958496,-3.961276,-0.912501,-12.615761,0.35599,0.042376,0.073061
2.373000144958496,-3.961276,-0.912501,-12.615761,0.35599,0.042376,0.073061
2.373000144958496,-3.961276,-0.912501,-12.615761,0.35599,0.042376,0.073061
2.373000144958496,-3.961276,-0.912501,-12.615761,0.35599,0.042376,0.073061
2.373000144958496,-3.961276,-0.912501,-12.615761,0.35599,0.042376,0.073061
2.373000144958496,-3.961276,-0.912501,-12.615761,0.35599,0.042376,0.073061
2.373000144958496,-3.961276,-0.912501,-12.615761,0.35599,0.042376,0.073061
2.373000144958496,-3.961276,-0.912501,-12.615761,0.35599,0.042376,0.073061
2.373000144958496,-3.961276,-0.912501,-12.615761,0.35599,0.042376,0.073061
2.373000144958496,-3.961276,-0.912501,-12.615761,0.35599,0.042376,0.073061
2.373000144958496,-3.961276,-0.912501,-12.615761,0.35599,0.042376,0.073061
2.373000144958496,-3.961276,-0.912501,-12.615761,0.35599,0.042376,0.073061
2.373000144958496,-3.961276,-0.912501,-12.615761,0.35599,0.042376,0.073061
2.373000144958496,-3.961276,-0.912501,-12.615761,0.35599,0.042376,0.073061
2.373000144958496,-3.961276,-0.912501,-12.615761,0.35599,0.042376,0.073061
2.373000144958496,-3.961276,-0.912501,-12.615761,0.35599,0.042376,0.073061
2.373000144958496,-3.961276,-0.912501,-12.615761,0.35599,0.042376,0.073061
2.373000144958496,-3.961276,-0.912501,-12.615761,0.35599,0.042376,0.073061
2.373000144958496,-3.961276,-0.912501,-12.615761,0.35599,0.042376,0.073061
2.373000144958496,-3.961276,-0.912501,-12.615761,0.35599,0.042376,0.073061
2.373000144958496,-3.961276,-0.912501,-12.615761,0.35599,0.042376,0.073061
2.373000144958496,-3.961276,-0.912501,-12.615761,0.35599,0.042376,0.073061
2.373000144958496,-3.961276,-0.912501,-12.615761,0.35599,0.042376,0.073061
2.373000144958496,-3.961276,-0.912501,-12.615761,0.35599,0.042376,0.073061
2.373000144958496,-3.961276,-0.912501,-12.615761,0.35599,0.042376,0.073061
2.373000144958496,-3.961276,-0.912501,-12.615761,0.35599,0.042376,0.073061
2.373000144958496,-3.961276,-0.912501,-12.615761,0.35599,0.042376,0.073061
2.373000144958496,-3.961276,-0.912501,-12.615761,0.35599,0.042376,0.073061
2.373000144958496,-3.961276,-0.912501,-12.615761,0.35599,0.042376,0.073061
2.373000144958496,-3.961276,-0.912501,-12.615761,0.35599,0.042376,0.073061
2.373000144958496,-3.961276,-0.912501,-12.615761,0.35599,0.042376,0.073061
2.373000144958496,-3.961276,-0.912501,-12.615761,0.35599,0.042376,0.073061
2.373000144958496,-3.961276,-0.912501,-12.615761,0.35599,0.042376,0.073061
2.373000144958496,-3.961276,-0.912501,-12.615761,0.35599,0.042376,0.073061
2.373000144958496,-3.961276,-0.912501,-12.615761,0.35599,0.042376,0.073061
2.373000144958496,-3.961276,-0.912501,-12.615761,0.35599,0.042376,0.073061
2.373000144958496,-3.961276,-0.912501,-12.615761,0.35599,0.042376,0.073061
2.373000144958496,-3.961276,-0.912501,-12.615761,0.35599,0.042376,0.073061
2.373000144958496,-3.961276,-0.912501,-12.615761,0.35599,0.042376,0.073061
2.373000144958496,-3.961276,-0.912501,-12.615761,0.35599,0.042376,0.073061
2.373000144958496,-3.961276,-0.912501,-12.615761,0.35599,0.042376,0.073061
2.373000144958496,-3.961276,-0.912501,-12.615761,0.35599,0.042376,0.073061
2.373000144958496,-3.961276,-0.912501,-12.615761,0.35599,0.042376,0.073061
2.373000144958496,-3.961276,-0.912501,-12.615761,0.35599,0.042376,0.073061
2.373000144958496,-3.961276,-0.912501,-12.615761,0.35599,0.042376,0.073061
2.373000144958496,-3.961276,-0.912501,-12.615761,0.35599,0.042376,0.073061
2.373000144958496,-3.961276,-0.912501,-12.615761,0.35599,0.042376,0.073061
2.373000144958496,-3.961276,-0.912501,-12.615761,0.35599,0.042376,0.073061
2.373000144958496,-3.961276,-0.912501,-12.615761,0.35599,0.042376,0.073061
2.373000144958496,-3.961276,-0.912501,-12.615761,0.35599,0.042376,0.073061
2.373000144958496,-3.961276,-0.912501,-12.615761,0.35599,0.042376,0.073061
2.373000144958496,-3.961276,-0.912501,-12.615761,0.35599,0.042376,0.073061
2.373000144958496,-3.961276,-0.912501,-12.615761,0.35599,0.042376,0.073061
2.373000144958496,-3.961276,-0.912501,-12.615761,0.35599,0.042376,0.073061
2.373000144958496,-3.961276,-0.912501,-12.615761,0.35599,0.042376,0.073061
2.373000144958496,-3.961276,-0.912501,-12.615761,0.35599,0.042376,0.073061
2.373000144958496,-3.961276,-0.912501,-12.615761,0.35599,0.042376,0.073061
2.373000144958496,-3.961276,-0.912501,-12.615761,0.35599,0.042376,0.073061
2.373000144958496,-3.961276,-0.912501,-12.615761,0.35599,0.042376,0.073061
2.373000144958496,-3.961276,-0.912501,-12.615761,0.35599,0.042376,0.073061
2.373000144958496,-3.961276,-0.912501,-12.615761,0.35599,0.042376,0.073061
2.373000144958496,-3.961276,-0.912501,-12.615761,0.35599,0.042376,0.073061
2.373000144958496,-3.961276,-0.912501,-12.615761,0.35599,0.042376,0.073061
2.373000144958496,-3.961276,-0.912501,-12.615761,0.35599,0.042376,0.073061
2.373000144958496,-3.961276,-0.912501,-12.615761,0.35599,0.042376,0.073061
2.373000144958496,-3.961276,-0.912501,-12.615761,0.35599,0.042376,0.073061
2.373000144958496,-3.961276,-0.912501,-12.615761,0.35599,0.042376,0.073061
2.373000144958496,-3.961276,-0.912501,-12.615761,0.35599,0.042376,0.073061
2.373000144958496,-3.961276,-0.912501,-12.615761,0.35599,0.042376,0.073061
2.373000144958496,-3.961276,-0.912501,-12.615761,0.35599,0.042376,0.073061
2.373000144958496,-3.961276,-0.912501,-12.615761,0.35599,0.042376,0.073061
2.373000144958496,-3.961276,-0.912501,-12.615761,0.35599,0.042376,0.073061
2.373000144958496,-3.961276,-0.912501,-12.615761,0.35599,0.042376,0.073061
2.373000144958496,-3.961276,-0.912501,-12.615761,0.35599,0.042376,0.073061
2.373000144958496,-3.961276,-0.912501,-12.615761,0.35599,0.042376,0.073061
2.373000144958496,-3.961276,-0.912501,-12.615761,0.35599,0.042376,0.073061
2.373000144958496,-3.961276,-0.912501,-12.615761,0.35599,0.042376,0.073061
2.373000144958496,-3.961276,-0.912501,-12.615761,0.35599,0.042376,0.073061
2.373000144958496,-3.961276,-0.912501,-12.615761,0.35599,0.042376,0.073061
2.373000144958496,-3.961276,-0.912501,-12.615761,0.35599,0.042376,0.073061
2.373000144958496,-3.961276,-0.912501,-12.615761,0.35599,0.042376,0.073061
2.373000144958496,-3.961276,-0.912501,-12.615761,0.35599,0.042376,0.073061
2.373000144958496,-3.961276,-0.912501,-12.615761,0.35599,0.042376,0.073061
2.373000144958496,-3.961276,-0.912501,-12.615761,0.35599,0.042376,0.073061
2.373000144958496,-3.961276,-0.912501,-12.615761,0.35599,0.042376,0.073061
2.373000144958496,-3.961276,-0.912501,-12.615761,0.35599,0.042376,0.073061
2.373000144958496,-3.961276,-0.912501,-12.615761,0.35599,0.042376,0.073061
2.373000144958496,-3.961276,-0.912501,-12.615761,0.35599,0.042376,0.073061
2.373000144958496,-3.961276,-0.912501,-12.615761,0.35599,0.042376,0.073061
2.373000144958496,-3.961276,-0.912501,-12.615761,0.35599,0.042376,0.073061
2.373000144958496,-3.961276,-0.912501,-12.615761,0.35599,0.042376,0.073061
2.373000144958496,-3.961276,-0.912501,-12.615761,0.35599,0.042376,0.073061
2.373000144958496,-3.961276,-0.912501,-12.615761,0.35599,0.042376,0.073061
2.373000144958496,-3.961276,-0.912501,-12.615761,0.35599,0.042376,0.073061
2.373000144958496,-3.961276,-0.912501,-12.615761,0.35599,0.042376,0.073061
2.373000144958496,-3.961276,-0.912501,-12.615761,0.35599,0.042376,0.073061
2.373000144958496,-3.961276,-0.912501,-12.615761,0.35599,0.042376,0.073061
2.373000144958496,-3.961276,-0.912501,-12.615761,0.35599,0.042376,0.073061
2.373000144958496,-3.961276,-0.912501,-12.615761,0.35599,0.042376,0.073061
2.373000144958496,-3.961276,-0.912501,-12.615761,0.35599,0.042376,0.073061
2.373000144958496,-3.961276,-0.912501,-12.615761,0.35599,0.042376,0.073061
2.373000144958496,-3.961276,-0.912501,-12.615761,0.35599,0.042376,0.073061
2.373000144958496,-3.961276,-0.912501,-12.615761,0.35599,0.042376,0.073061
2.373000144958496,-3.961276,-0.912501,-12.615761,0.35599,0.042376,0.073061
2.373000144958496,-3.961276,-0.912501,-12.615761,0.35599,0.042376,0.073061
2.373000144958496,-3.961276,-0.912501,-12.615761,0.35599,0.042376,0.073061
2.373000144958496,-3.961276,-0.912501,-12.615761,0.35599,0.042376,0.073061
2.373000144958496,-3.961276,-0.912501,-12.615761,0.35599,0.042376,0.073061
2.373000144958496,-3.961276,-0.912501,-12.615761,0.35599,0.042376,0.073061
2.373000144958496,-3.961276,-0.912501,-12.615761,0.35599,0.042376,0.073061
2.373000144958496,-3.961276,-0.912501,-12.615761,0.35599,0.042376,0.073061
2.373000144958496,-3.961276,-0.912501,-12.615761,0.35599,0.042376,0.073061
2.373000144958496,-3.961276,-0.912501,-12.615761,0.35599,0.042376,0.073061
2.373000144958496,-3.961276,-0.912501,-12.615761,0.35599,0.042376,0.073061
2.373000144958496,-3.961276,-0.912501,-12.615761,0.35599,0.042376,0.073061
2.373000144958496,-3.961276,-0.912501,-12.615761,0.35599,0.042376,0.073061
2.373000144958496,-3.961276,-0.912501,-12.615761,0.35599,0.042376,0.073061
2.373000144958496,-3.961276,-0.912501,-12.615761,0.35599,0.042376,0.073061
2.373000144958496,-3.961276,-0.912501,-12.615761,0.35599,0.042376,0.073061
2.373000144958496,-3.961276,-0.912501,-12.615761,0.35599,0.042376,0.073061
2.373000144958496,-3.961276,-0.912501,-12.615761,0.35599,0.042376,0.073061
2.373000144958496,-3.961276,-0.912501,-12.615761,0.35599,0.042376,0.073061
2.373000144958496,-3.961276,-0.912501,-12.615761,0.35599,0.042376,0.073061
2.373000144958496,-3.961276,-0.912501,-12.615761,0.35599,0.042376,0.073061
2.373000144958496,-3.961276,-0.912501,-12.615761,0.35599,0.042376,0.073061
2.373000144958496,-3.961276,-0.912501,-12.615761,0.35599,0.042376,0.073061
2.373000144958496,-3.961276,-0.912501,-12.615761,0.35599,0.042376,0.073061
2.373000144958496,-3.961276,-0.912501,-12.615761,0.35599,0.042376,0.073061
2.373000144958496,-3.961276,-0.912501,-12.615761,0.35599,0.042376,0.073061
2.373000144958496,-3.961276,-0.912501,-12.615761,0.35599,0.042376,0.073061
2.373000144958496,-3.961276,-0.912501,-12.615761,0.35599,0.042376,0.073061
2.373000144958496,-3.961276,-0.912501,-12.615761,0.35599,0.042376,0.073061
2.373000144958496,-3.961276,-0.912501,-12.615761,0.35599,0.042376,0.073061
2.373000144958496,-3.961276,-0.912501,-12.615761,0.35599,0.042376,0.073061
2.373000144958496,-3.961276,-0.912501,-12.615761,0.35599,0.042376,0.073061
2.373000144958496,-3.961276,-0.912501,-12.615761,0.35599,0.042376,0.073061
2.373000144958496,-3.961276,-0.912501,-12.615761,0.35599,0.042376,0.073061
2.373000144958496,-3.961276,-0.912501,-12.615761,0.35599,0.042376,0.073061
2.373000144958496,-3.961276,-0.912501,-12.615761,0.35599,0.042376,0.073061
2.373000144958496,-3.961276,-0.912501,-12.615761,0.35599,0.042376,0.073061
2.373000144958496,-3.961276,-0.912501,-12.615761,0.35599,0.042376,0.073061
2.373000144958496,-3.961276,-0.912501,-12.615761,0.35599,0.042376,0.073061
2.373000144958496,-3.961276,-0.912501,-12.615761,0.35599,0.042376,0.073061
2.373000144958496,-3.961276,-0.912501,-12.615761,0.35599,0.042376,0.073061
2.373000144958496,-3.961276,-0.912501,-12.615761,0.35599,0.042376,0.073061
2.373000144958496,-3.961276,-0.912501,-12.615761,0.35599,0.042376,0.073061
2.373000144958496,-3.961276,-0.912501,-12.615761,0.35599,0.042376,0.073061
2.373000144958496,-3.961276,-0.912501,-12.615761,0.35599,0.042376,0.073061
2.373000144958496,-3.961276,-0.912501,-12.615761,0.35599,0.042376,0.073061
2.373000144958496,-3.961276,-0.912501,-12.615761,0.35599,0.042376,0.073061
2.373000144958496,-3.961276,-0.912501,-12.615761,0.35599,0.042376,0.073061
2.373000144958496,-3.961276,-0.912501,-12.615761,0.35599,0.042376,0.073061
2.373000144958496,-3.961276,-0.912501,-12.615761,0.35599,0.042376,0.073061
2.373000144958496,-3.961276,-0.912501,-12.615761,0.35599,0.042376,0.073061
2.373000144958496,-3.961276,-0.912501,-12.615761,0.35599,0.042376,0.073061
2.373000144958496,-3.961276,-0.912501,-12.615761,0.35599,0.042376,0.073061
2.373000144958496,-3.961276,-0.912501,-12.615761,0.35599,0.042376,0.073061
2.373000144958496,-3.961276,-0.912501,-12.615761,0.35599,0.042376,0.073061
2.373000144958496,-3.961276,-0.912501,-12.615761,0.35599,0.042376,0.073061
2.373000144958496,-3.961276,-0.912501,-12.615761,0.35599,0.042376,0.073061
2.373000144958496,-3.961276,-0.912501,-12.615761,0.35599,0.042376,0.073061
2.373000144958496,-3.961276,-0.912501,-12.615761,0.35599,0.042376,0.073061
2.373000144958496,-3.961276,-0.912501,-12.615761,0.35599,0.042376,0.073061
2.373000144958496,-3.961276,-0.912501,-12.615761,0.35599,0.042376,0.073061
2.373000144958496,-3.961276,-0.912501,-12.615761,0.35599,0.042376,0.073061
2.373000144958496,-3.961276,-0.912501,-12.615761,0.35599,0.042376,0.073061
2.373000144958496,-3.961276,-0.912501,-12.615761,0.35599,0.042376,0.073061
2.373000144958496,-3.961276,-0.912501,-12.615761,0.35599,0.042376,0.073061
2.373000144958496,-3.961276,-0.912501,-12.615761,0.35599,0.042376,0.073061
2.373000144958496,-3.961276,-0.912501,-12.615761,0.35599,0.042376,0.073061
2.373000144958496,-3.961276,-0.912501,-12.615761,0.35599,0.042376,0.073061
2.373000144958496,-3.961276,-0.912501,-12.615761,0.35599,0.042376,0.073061
2.373000144958496,-3.961276,-0.912501,-12.615761,0.35599,0.042376,0.073061
2.373000144958496,-3.961276,-0.912501,-12.615761,0.35599,0.042376,0.073061
2.373000144958496,-3.961276,-0.912501,-12.615761,0.35599,0.042376,0.073061
2.373000144958496,-3.961276,-0.912501,-12.615761,0.35599,0.042376,0.073061
2.373000144958496,-3.961276,-0.912501,-12.615761,0.35599,0.042376,0.073061
2.373000144958496,-3.961276,-0.912501,-12.615761,0.35599,0.042376,0.073061
2.373000144958496,-3.961276,-0.912501,-12.615761,0.35599,0.042376,0.073061
2.373000144958496,-3.961276,-0.912501,-12.615761,0.35599,0.042376,0.073061
2.373000144958496,-3.961276,-0.912501,-12.615761,0.35599,0.042376,0.073061
2.373000144958496,-3.961276,-0.912501,-12.615761,0.35599,0.042376,0.073061
2.373000144958496,-3.961276,-0.912501,-12.615761,0.35599,0.042376,0.073061
2.373000144958496,-3.961276,-0.912501,-12.615761,0.35599,0.042376,0.073061
2.373000144958496,-3.961276,-0.912501,-12.615761,0.35599,0.042376,0.073061
2.373000144958496,-3.961276,-0.912501,-12.615761,0.35599,0.042376,0.073061
2.373000144958496,-3.961276,-0.912501,-12.615761,0.35599,0.042376,0.073061
2.373000144958496,-3.961276,-0.912501,-12.615761,0.35599,0.042376,0.073061
2.373000144958496,-3.961276,-0.912501,-12.615761,0.35599,0.042376,0.073061
2.373000144958496,-3.961276,-0.912501,-12.615761,0.35599,0.042376,0.073061
2.373000144958496,-3.961276,-0.912501,-12.615761,0.35599,0.042376,0.073061
2.373000144958496,-3.961276,-0.912501,-12.615761,0.35599,0.042376,0.073061
2.373000144958496,-3.961276,-0.912501,-12.615761,0.35599,0.042376,0.073061
2.373000144958496,-3.961276,-0.912501,-12.615761,0.35599,0.042376,0.073061
2.373000144958496,-3.961276,-0.912501,-12.615761,0.35599,0.042376,0.073061
2.373000144958496,-3.961276,-0.912501,-12.615761,0.35599,0.042376,0.073061
2.373000144958496,-3.961276,-0.912501,-12.615761,0.35599,0.042376,0.073061
2.373000144958496,-3.961276,-0.912501,-12.615761,0.35599,0.042376,0.073061
2.373000144958496,-3.961276,-0.912501,-12.615761,0.35599,0.042376,0.073061
2.373000144958496,-3.961276,-0.912501,-12.615761,0.35599,0.042376,0.073061
2.373000144958496,-3.961276,-0.912501,-12.615761,0.35599,0.042376,0.073061
2.373000144958496,-3.961276,-0.912501,-12.615761,0.35599,0.042376,0.073061
2.373000144958496,-3.961276,-0.912501,-12.615761,0.35599,0.042376,0.073061
2.373000144958496,-3.961276,-0.912501,-12.615761,0.35599,0.042376,0.073061
2.373000144958496,-3.961276,-0.912501,-12.615761,0.35599,0.042376,0.073061
2.373000144958496,-3.961276,-0.912501,-12.615761,0.35599,0.042376,0.073061
2.373000144958496,-3.961276,-0.912501,-12.615761,0.35599,0.042376,0.073061
2.373000144958496,-3.961276,-0.912501,-12.615761,0.35599,0.042376,0.073061
2.373000144958496,-3.961276,-0.912501,-12.615761,0.35599,0.042376,0.073061
2.373000144958496,-3.961276,-0.912501,-12.615761,0.35599,0.042376,0.073061
2.373000144958496,-3.961276,-0.912501,-12.615761,0.35599,0.042376,0.073061
2.373000144958496,-3.961276,-0.912501,-12.615761,0.35599,0.042376,0.073061
2.373000144958496,-3.961276,-0.912501,-12.615761,0.35599,0.042376,0.073061
2.373000144958496,-3.961276,-0.912501,-12.615761,0.35599,0.042376,0.073061
2.373000144958496,-3.961276,-0.912501,-12.615761,0.35599,0.042376,0.073061
2.373000144958496,-3.961276,-0.912501,-12.615761,0.35599,0.042376,0.073061
2.373000144958496,-3.961276,-0.912501,-12.615761,0.35599,0.042376,0.073061
2.373000144958496,-3.961276,-0.912501,-12.615761,0.35599,0.042376,0.073061
2.373000144958496,-3.961276,-0.912501,-12.615761,0.35599,0.042376,0.073061
2.373000144958496,-3.961276,-0.912501,-12.615761,0.35599,0.042376,0.073061
2.373000144958496,-3.961276,-0.912501,-12.615761,0.35599,0.042376,0.073061
2.373000144958496,-3.961276,-0.912501,-12.615761,0.35599,0.042376,0.073061
2.373000144958496,-3.961276,-0.912501,-12.615761,0.35599,0.042376,0.073061
2.373000144958496,-3.961276,-0.912501,-12.615761,0.35599,0.042376,0.073061
2.373000144958496,-3.961276,-0.912501,-12.615761,0.35599,0.042376,0.073061
2.373000144958496,-3.961276,-0.912501,-12.615761,0.35599,0.042376,0.073061
2.373000144958496,-3.961276,-0.912501,-12.615761,0.35599,0.042376,0.073061
2.373000144958496,-3.961276,-0.912501,-12.615761,0.35599,0.042376,0.073061
2.373000144958496,-3.961276,-0.912501,-12.615761,0.35599,0.042376,0.073061
2.373000144958496,-3.961276,-0.912501,-12.615761,0.35599,0.042376,0.073061
2.373000144958496,-3.961276,-0.912501,-12.615761,0.35599,0.042376,0.073061
2.373000144958496,-3.961276,-0.912501,-12.615761,0.35599,0.042376,0.073061
2.373000144958496,-3.961276,-0.912501,-12.615761,0.35599,0.042376,0.073061
2.373000144958496,-3.961276,-0.912501,-12.615761,0.35599,0.042376,0.073061
2.373000144958496,-3.961276,-0.912501,-12.615761,0.35599,0.042376,0.073061
2.373000144958496,-3.961276,-0.912501,-12.615761,0.35599,0.042376,0.073061
2.373000144958496,-3.961276,-0.912501,-12.615761,0.35599,0.042376,0.073061
2.373000144958496,-3.961276,-0.912501,-12.615761,0.35599,0.042376,0.073061
2.373000144958496,-3.961276,-0.912501,-12.615761,0.35599,0.042376,0.073061
2.373000144958496,-3.961276,-0.912501,-12.615761,0.35599,0.042376,0.073061
2.373000144958496,-3.961276,-0.912501,-12.615761,0.35599,0.042376,0.073061
2.373000144958496,-3.961276,-0.912501,-12.615761,0.35599,0.042376,0.073061
2.373000144958496,-3.961276,-0.912501,-12.615761,0.35599,0.042376,0.073061
2.373000144958496,-3.961276,-0.912501,-12.615761,0.35599,0.042376,0.073061
2.373000144958496,-3.961276,-0.912501,-12.615761,0.35599,0.042376,0.073061
2.373000144958496,-3.961276,-0.912501,-12.615761,0.35599,0.042376,0.073061
2.373000144958496,-3.961276,-0.912501,-12.615761,0.35599,0.042376,0.073061
2.373000144958496,-3.961276,-0.912501,-12.615761,0.35599,0.042376,0.073061
2.373000144958496,-3.961276,-0.912501,-12.615761,0.35599,0.042376,0.073061
2.373000144958496,-3.961276,-0.912501,-12.615761,0.35599,0.042376,0.073061
2.373000144958496,-3.961276,-0.912501,-12.615761,0.35599,0.042376,0.073061
2.373000144958496,-3.961276,-0.912501,-12.615761,0.35599,0.042376,0.073061
2.373000144958496,-3.961276,-0.912501,-12.615761,0.35599,0.042376,0.073061
2.373000144958496,-3.961276,-0.912501,-12.615761,0.35599,0.042376,0.073061
2.373000144958496,-3.961276,-0.912501,-12.615761,0.35599,0.042376,0.073061
2.373000144958496,-3.961276,-0.912501,-12.615761,0.35599,0.042376,0.073061
2.373000144958496,-3.961276,-0.912501,-12.615761,0.35599,0.042376,0.073061
2.373000144958496,-3.961276,-0.912501,-12.615761,0.35599,0.042376,0.073061
2.373000144958496,-3.961276,-0.912501,-12.615761,0.35599,0.042376,0.073061
2.373000144958496,-3.961276,-0.912501,-12.615761,0.35599,0.042376,0.073061
2.373000144958496,-3.961276,-0.912501,-12.615761,0.35599,0.042376,0.073061
2.373000144958496,-3.961276,-0.912501,-12.615761,0.35599,0.042376,0.073061
2.373000144958496,-3.961276,-0.912501,-12.615761,0.35599,0.042376,0.073061
2.373000144958496,-3.961276,-0.912501,-12.615761,0.35599,0.042376,0.073061
2.373000144958496,-3.961276,-0.912501,-12.615761,0.35599,0.042376,0.073061
2.373000144958496,-3.961276,-0.912501,-12.615761,0.35599,0.042376,0.073061
2.373000144958496,-3.961276,-0.912501,-12.615761,0.35599,0.042376,0.073061
2.373000144958496,-3.961276,-0.912501,-12.615761,0.35599,0.042376,0.073061
2.373000144958496,-3.961276,-0.912501,-12.615761,0.35599,0.042376,0.073061
2.373000144958496,-3.961276,-0.912501,-12.615761,0.35599,0.042376,0.073061
2.373000144958496,-3.961276,-0.912501,-12.615761,0.35599,0.042376,0.073061
2.373000144958496,-3.961276,-0.912501,-12.615761,0.35599,0.042376,0.073061
2.373000144958496,-3.961276,-0.912501,-12.615761,0.35599,0.042376,0.073061
2.373000144958496,-3.961276,-0.912501,-12.615761,0.35599,0.042376,0.073061
2.373000144958496,-3.961276,-0.912501,-12.615761,0.35599,0.042376,0.073061
2.373000144958496,-3.961276,-0.912501,-12.615761,0.35599,0.042376,0.073061
2.373000144958496,-3.961276,-0.912501,-12.615761,0.35599,0.042376,0.073061
2.373000144958496,-3.961276,-0.912501,-12.615761,0.35599,0.042376,0.073061
2.373000144958496,-3.961276,-0.912501,-12.615761,0.35599,0.042376,0.073061
2.373000144958496,-3.961276,-0.912501,-12.615761,0.35599,0.042376,0.073061
2.373000144958496,-3.961276,-0.912501,-12.615761,0.35599,0.042376,0.073061
2.373000144958496,-3.961276,-0.912501,-12.615761,0.35599,0.042376,0.073061
2.373000144958496,-3.961276,-0.912501,-12.615761,0.35599,0.042376,0.073061
2.373000144958496,-3.961276,-0.912501,-12.615761,0.35599,0.042376,0.073061
2.373000144958496,-3.961276,-0.912501,-12.615761,0.35599,0.042376,0.073061
2.373000144958496,-3.961276,-0.912501,-12.615761,0.35599,0.042376,0.073061
2.373000144958496,-3.961276,-0.912501,-12.615761,0.35599,0.042376,0.073061
2.373000144958496,-3.961276,-0.912501,-12.615761,0.35599,0.042376,0.073061
2.373000144958496,-3.961276,-0.912501,-12.615761,0.35599,0.042376,0.073061
2.373000144958496,-3.961276,-0.912501,-12.615761,0.35599,0.042376,0.073061
2.373000144958496,-3.961276,-0.912501,-12.615761,0.35599,0.042376,0.073061
2.373000144958496,-3.961276,-0.912501,-12.615761,0.35599,0.042376,0.073061
2.373000144958496,-3.961276,-0.912501,-12.615761,0.35599,0.042376,0.073061
2.373000144958496,-3.961276,-0.912501,-12.615761,0.35599,0.042376,0.073061
2.373000144958496,-3.961276,-0.912501,-12.615761,0.35599,0.042376,0.073061
2.373000144958496,-3.961276,-0.912501,-12.615761,0.35599,0.042376,0.073061
2.373000144958496,-3.961276,-0.912501,-12.615761,0.35599,0.042376,0.073061
2.373000144958496,-3.961276,-0.912501,-12.615761,0.35599,0.042376,0.073061
2.373000144958496,-3.961276,-0.912501,-12.615761,0.35599,0.042376,0.073061
2.373000144958496,-3.961276,-0.912501,-12.615761,0.35599,0.042376,0.073061
2.373000144958496,-3.961276,-0.912501,-12.615761,0.35599,0.042376,0.073061
2.373000144958496,-3.961276,-0.912501,-12.615761,0.35599,0.042376,0.073061
2.373000144958496,-3.961276,-0.912501,-12.615761,0.35599,0.042376,0.073061
2.373000144958496,-3.961276,-0.912501,-12.615761,0.35599,0.042376,0.073061
2.373000144958496,-3.961276,-0.912501,-12.615761,0.35599,0.042376,0.073061
2.373000144958496,-3.961276,-0.912501,-12.615761,0.35599,0.042376,0.073061
2.373000144958496,-3.961276,-0.912501,-12.615761,0.35599,0.042376,0.073061
2.373000144958496,-3.961276,-0.912501,-12.615761,0.35599,0.042376,0.073061
2.373000144958496,-3.961276,-0.912501,-12.615761,0.35599,0.042376,0.073061
2.373000144958496,-3.961276,-0.912501,-12.615761,0.35599,0.042376,0.073061
2.373000144958496,-3.961276,-0.912501,-12.615761,0.35599,0.042376,0.073061
2.373000144958496,-3.961276,-0.912501,-12.615761,0.35599,0.042376,0.073061
2.373000144958496,-3.961276,-0.912501,-12.615761,0.35599,0.042376,0.073061
2.373000144958496,-3.961276,-0.912501,-12.615761,0.35599,0.042376,0.073061
2.373000144958496,-3.961276,-0.912501,-12.615761,0.35599,0.042376,0.073061
2.373000144958496,-3.961276,-0.912501,-12.615761,0.35599,0.042376,0.073061
2.373000144958496,-3.961276,-0.912501,-12.615761,0.35599,0.042376,0.073061
2.373000144958496,-3.961276,-0.912501,-12.615761,0.35599,0.042376,0.073061
2.373000144958496,-3.961276,-0.912501,-12.615761,0.35599,0.042376,0.073061
2.373000144958496,-3.961276,-0.912501,-12.615761,0.35599,0.042376,0.073061
2.373000144958496,-3.961276,-0.912501,-12.615761,0.35599,0.042376,0.073061
2.373000144958496,-3.961276,-0.912501,-12.615761,0.35599,0.042376,0.073061
2.373000144958496,-3.961276,-0.912501,-12.615761,0.35599,0.042376,0.073061
2.373000144958496,-3.961276,-0.912501,-12.615761,0.35599,0.042376,0.073061
2.373000144958496,-3.961276,-0.912501,-12.615761,0.35599,0.042376,0.073061
2.373000144958496,-3.961276,-0.912501,-12.615761,0.35599,0.042376,0.073061
2.373000144958496,-3.961276,-0.912501,-12.615761,0.35599,0.042376,0.073061
2.373000144958496,-3.961276,-0.912501,-12.615761,0.35599,0.042376,0.073061
2.373000144958496,-3.961276,-0.912501,-12.615761,0.35599,0.042376,0.073061
2.373000144958496,-3.961276,-0.912501,-12.615761,0.35599,0.042376,0.073061
2.373000144958496,-3.961276,-0.912501,-12.615761,0.35599,0.042376,0.073061
2.373000144958496,-3.961276,-0.912501,-12.615761,0.35599,0.042376,0.073061
2.373000144958496,-3.961276,-0.912501,-12.615761,0.35599,0.042376,0.073061
2.373000144958496,-3.961276,-0.912501,-12.615761,0.35599,0.042376,0.073061
2.373000144958496,-3.961276,-0.912501,-12.615761,0.35599,0.042376,0.073061
2.373000144958496,-3.961276,-0.912501,-12.615761,0.35599,0.042376,0.073061
2.373000144958496,-3.961276,-0.912501,-12.615761,0.35599,0.042376,0.073061
2.373000144958496,-3.961276,-0.912501,-12.615761,0.35599,0.042376,0.073061
2.373000144958496,-3.961276,-0.912501,-12.615761,0.35599,0.042376,0.073061
2.373000144958496,-3.961276,-0.912501,-12.615761,0.35599,0.042376,0.073061
2.373000144958496,-3.961276,-0.912501,-12.615761,0.35599,0.042376,0.073061
2.373000144958496,-3.961276,-0.912501,-12.615761,0.35599,0.042376,0.073061
2.373000144958496,-3.961276,-0.912501,-12.615761,0.35599,0.042376,0.073061
2.373000144958496,-3.961276,-0.912501,-12.615761,0.35599,0.042376,0.073061
2.373000144958496,-3.961276,-0.912501,-12.615761,0.35599,0.042376,0.073061
2.373000144958496,-3.961276,-0.912501,-12.615761,0.35599,0.042376,0.073061
2.373000144958496,-3.961276,-0.912501,-12.615761,0.35599,0.042376,0.073061
2.373000144958496,-3.961276,-0.912501,-12.615761,0.35599,0.042376,0.073061
2.373000144958496,-3.961276,-0.912501,-12.615761,0.35599,0.042376,0.073061
2.373000144958496,-3.961276,-0.912501,-12.615761,0.35599,0.042376,0.073061
2.373000144958496,-3.961276,-0.912501,-12.615761,0.35599,0.042376,0.073061
2.373000144958496,-3.961276,-0.912501,-12.615761,0.35599,0.042376,0.073061
2.373000144958496,-3.961276,-0.912501,-12.615761,0.35599,0.042376,0.073061
2.373000144958496,-3.961276,-0.912501,-12.615761,0.35599,0.042376,0.073061
2.373000144958496,-3.961276,-0.912501,-12.615761,0.35599,0.042376,0.073061
2.373000144958496,-3.961276,-0.912501,-12.615761,0.35599,0.042376,0.073061
2.373000144958496,-3.961276,-0.912501,-12.615761,0.35599,0.042376,0.073061
2.373000144958496,-3.961276,-0.912501,-12.615761,0.35599,0.042376,0.073061
2.373000144958496,-3.961276,-0.912501,-12.615761,0.35599,0.042376,0.073061
2.373000144958496,-3.961276,-0.912501,-12.615761,0.35599,0.042376,0.073061
2.373000144958496,-3.961276,-0.912501,-12.615761,0.35599,0.042376,0.073061
2.373000144958496,-3.961276,-0.912501,-12.615761,0.35599,0.042376,0.073061
2.373000144958496,-3.961276,-0.912501,-12.615761,0.35599,0.042376,0.073061
2.373000144958496,-3.961276,-0.912501,-12.615761,0.35599,0.042376,0.073061
2.373000144958496,-3.961276,-0.912501,-12.615761,0.35599,0.042376,0.073061
2.373000144958496,-3.961276,-0.912501,-12.615761,0.35599,0.042376,0.073061
2.373000144958496,-3.961276,-0.912501,-12.615761,0.35599,0.042376,0.073061
2.373000144958496,-3.961276,-0.912501,-12.615761,0.35599,0.042376,0.073061
2.373000144958496,-3.961276,-0.912501,-12.615761,0.35599,0.042376,0.073061
2.373000144958496,-3.961276,-0.912501,-12.615761,0.35599,0.042376,0.073061
2.373000144958496,-3.961276,-0.912501,-12.615761,0.35599,0.042376,0.073061
2.373000144958496,-3.961276,-0.912501,-12.615761,0.35599,0.042376,0.073061
2.373000144958496,-3.961276,-0.912501,-12.615761,0.35599,0.042376,0.073061
2.373000144958496,-3.961276,-0.912501,-12.615761,0.35599,0.042376,0.073061
2.373000144958496,-3.961276,-0.912501,-12.615761,0.35599,0.042376,0.073061
2.373000144958496,-3.961276,-0.912501,-12.615761,0.35599,0.042376,0.073061
2.373000144958496,-3.961276,-0.912501,-12.615761,0.35599,0.042376,0.073061
2.373000144958496,-3.961276,-0.912501,-12.615761,0.35599,0.042376,0.073061
2.373000144958496,-3.961276,-0.912501,-12.615761,0.35599,0.042376,0.073061
2.373000144958496,-3.961276,-0.912501,-12.615761,0.35599,0.042376,0.073061
2.373000144958496,-3.961276,-0.912501,-12.615761,0.35599,0.042376,0.073061
2.373000144958496,-3.961276,-0.912501,-12.615761,0.35599,0.042376,0.073061
2.373000144958496,-3.961276,-0.912501,-12.615761,0.35599,0.042376,0.073061
2.373000144958496,-3.961276,-0.912501,-12.615761,0.35599,0.042376,0.073061
2.373000144958496,-3.961276,-0.912501,-12.615761,0.35599,0.042376,0.073061
2.373000144958496,-3.961276,-0.912501,-12.615761,0.35599,0.042376,0.073061
2.373000144958496,-3.961276,-0.912501,-12.615761,0.35599,0.042376,0.073061
2.373000144958496,-3.961276,-0.912501,-12.615761,0.35599,0.042376,0.073061
2.373000144958496,-3.961276,-0.912501,-12.615761,0.35599,0.042376,0.073061
2.373000144958496,-3.961276,-0.912501,-12.615761,0.35599,0.042376,0.073061
2.373000144958496,-3.961276,-0.912501,-12.615761,0.35599,0.042376,0.073061
2.373000144958496,-3.961276,-0.912501,-12.615761,0.35599,0.042376,0.073061
2.373000144958496,-3.961276,-0.912501,-12.615761,0.35599,0.042376,0.073061
2.373000144958496,-3.961276,-0.912501,-12.615761,0.35599,0.042376,0.073061
2.373000144958496,-3.961276,-0.912501,-12.615761,0.35599,0.042376,0.073061
2.373000144958496,-3.961276,-0.912501,-12.615761,0.35599,0.042376,0.073061
2.373000144958496,-3.961276,-0.912501,-12.615761,0.35599,0.042376,0.073061
2.373000144958496,-3.961276,-0.912501,-12.615761,0.35599,0.042376,0.073061
2.373000144958496,-3.961276,-0.912501,-12.615761,0.35599,0.042376,0.073061
2.373000144958496,-3.961276,-0.912501,-12.615761,0.35599,0.042376,0.073061
2.373000144958496,-3.961276,-0.912501,-12.615761,0.35599,0.042376,0.073061
2.373000144958496,-3.961276,-0.912501,-12.615761,0.35599,0.042376,0.073061
2.373000144958496,-3.961276,-0.912501,-12.615761,0.35599,0.042376,0.073061
2.373000144958496,-3.961276,-0.912501,-12.615761,0.35599,0.042376,0.073061
2.373000144958496,-3.961276,-0.912501,-12.615761,0.35599,0.042376,0.073061
2.373000144958496,-3.961276,-0.912501,-12.615761,0.35599,0.042376,0.073061
2.373000144958496,-3.961276,-0.912501,-12.615761,0.35599,0.042376,0.073061
2.373000144958496,-3.961276,-0.912501,-12.615761,0.35599,0.042376,0.073061
2.373000144958496,-3.961276,-0.912501,-12.615761,0.35599,0.042376,0.073061
2.373000144958496,-3.961276,-0.912501,-12.615761,0.35599,0.042376,0.073061
2.373000144958496,-3.961276,-0.912501,-12.615761,0.35599,0.042376,0.073061
2.373000144958496,-3.961276,-0.912501,-12.615761,0.35599,0.042376,0.073061
2.373000144958496,-3.961276,-0.912501,-12.615761,0.35599,0.042376,0.073061
2.373000144958496,-3.961276,-0.912501,-12.615761,0.35599,0.042376,0.073061
2.373000144958496,-3.961276,-0.912501,-12.615761,0.35599,0.042376,0.073061
2.373000144958496,-3.961276,-0.912501,-12.615761,0.35599,0.042376,0.073061
2.373000144958496,-3.961276,-0.912501,-12.615761,0.35599,0.042376,0.073061
2.373000144958496,-3.961276,-0.912501,-12.615761,0.35599,0.042376,0.073061
2.373000144958496,-3.961276,-0.912501,-12.615761,0.35599,0.042376,0.073061
2.373000144958496,-3.961276,-0.912501,-12.615761,0.35599,0.042376,0.073061
2.373000144958496,-3.961276,-0.912501,-12.615761,0.35599,0.042376,0.073061
2.373000144958496,-3.961276,-0.912501,-12.615761,0.35599,0.042376,0.073061
2.373000144958496,-3.961276,-0.912501,-12.615761,0.35599,0.042376,0.073061
2.373000144958496,-3.961276,-0.912501,-12.615761,0.35599,0.042376,0.073061
2.373000144958496,-3.961276,-0.912501,-12.615761,0.35599,0.042376,0.073061
2.373000144958496,-3.961276,-0.912501,-12.615761,0.35599,0.042376,0.073061
2.373000144958496,-3.961276,-0.912501,-12.615761,0.35599,0.042376,0.073061
2.373000144958496,-3.961276,-0.912501,-12.615761,0.35599,0.042376,0.073061
2.373000144958496,-3.961276,-0.912501,-12.615761,0.35599,0.042376,0.073061
2.373000144958496,-3.961276,-0.912501,-12.615761,0.35599,0.042376,0.073061
2.373000144958496,-3.961276,-0.912501,-12.615761,0.35599,0.042376,0.073061
2.373000144958496,-3.961276,-0.912501,-12.615761,0.35599,0.042376,0.073061
2.373000144958496,-3.961276,-0.912501,-12.615761,0.35599,0.042376,0.073061
2.373000144958496,-3.961276,-0.912501,-12.615761,0.35599,0.042376,0.073061
2.373000144958496,-3.961276,-0.912501,-12.615761,0.35599,0.042376,0.073061
2.373000144958496,-3.961276,-0.912501,-12.615761,0.35599,0.042376,0.073061
2.373000144958496,-3.961276,-0.912501,-12.615761,0.35599,0.042376,0.073061
2.373000144958496,-3.961276,-0.912501,-12.615761,0.35599,0.042376,0.073061
2.373000144958496,-3.961276,-0.912501,-12.615761,0.35599,0.042376,0.073061
2.373000144958496,-3.961276,-0.912501,-12.615761,0.35599,0.042376,0.073061
2.373000144958496,-3.961276,-0.912501,-12.615761,0.35599,0.042376,0.073061
2.373000144958496,-3.961276,-0.912501,-12.615761,0.35599,0.042376,0.073061
2.373000144958496,-3.961276,-0.912501,-12.615761,0.35599,0.042376,0.073061
2.373000144958496,-3.961276,-0.912501,-12.615761,0.35599,0.042376,0.073061
2.373000144958496,-3.961276,-0.912501,-12.615761,0.35599,0.042376,0.073061
2.373000144958496,-3.961276,-0.912501,-12.615761,0.35599,0.042376,0.073061
2.373000144958496,-3.961276,-0.912501,-12.615761,0.35599,0.042376,0.073061
2.373000144958496,-3.961276,-0.912501,-12.615761,0.35599,0.042376,0.073061
2.373000144958496,-3.961276,-0.912501,-12.615761,0.35599,0.042376,0.073061
2.373000144958496,-3.961276,-0.912501,-12.615761,0.35599,0.042376,0.073061
2.373000144958496,-3.961276,-0.912501,-12.615761,0.35599,0.042376,0.073061
2.373000144958496,-3.961276,-0.912501,-12.615761,0.35599,0.042376,0.073061
2.373000144958496,-3.961276,-0.912501,-12.615761,0.35599,0.042376,0.073061
2.373000144958496,-3.961276,-0.912501,-12.615761,0.35599,0.042376,0.073061
2.373000144958496,-3.961276,-0.912501,-12.615761,0.35599,0.042376,0.073061
2.373000144958496,-3.961276,-0.912501,-12.615761,0.35599,0.042376,0.073061
2.373000144958496,-3.961276,-0.912501,-12.615761,0.35599,0.042376,0.073061
2.373000144958496,-3.961276,-0.912501,-12.615761,0.35599,0.042376,0.073061
2.373000144958496,-3.961276,-0.912501,-12.615761,0.35599,0.042376,0.073061
2.373000144958496,-3.961276,-0.912501,-12.615761,0.35599,0.042376,0.073061
2.373000144958496,-3.961276,-0.912501,-12.615761,0.35599,0.042376,0.073061
2.373000144958496,-3.961276,-0.912501,-12.615761,0.35599,0.042376,0.073061
2.373000144958496,-3.961276,-0.912501,-12.615761,0.35599,0.042376,0.073061
2.373000144958496,-3.961276,-0.912501,-12.615761,0.35599,0.042376,0.073061
2.373000144958496,-3.961276,-0.912501,-12.615761,0.35599,0.042376,0.073061
2.373000144958496,-3.961276,-0.912501,-12.615761,0.35599,0.042376,0.073061
2.373000144958496,-3.961276,-0.912501,-12.615761,0.35599,0.042376,0.073061
2.373000144958496,-3.961276,-0.912501,-12.615761,0.35599,0.042376,0.073061
2.373000144958496,-3.961276,-0.912501,-12.615761,0.35599,0.042376,0.073061
2.373000144958496,-3.961276,-0.912501,-12.615761,0.35599,0.042376,0.073061
2.373000144958496,-3.961276,-0.912501,-12.615761,0.35599,0.042376,0.073061
2.373000144958496,-3.961276,-0.912501,-12.615761,0.35599,0.042376,0.073061
2.373000144958496,-3.961276,-0.912501,-12.615761,0.35599,0.042376,0.073061
2.373000144958496,-3.961276,-0.912501,-12.615761,0.35599,0.042376,0.073061
2.373000144958496,-3.961276,-0.912501,-12.615761,0.35599,0.042376,0.073061
2.373000144958496,-3.961276,-0.912501,-12.615761,0.35599,0.042376,0.073061
2.373000144958496,-3.961276,-0.912501,-12.615761,0.35599,0.042376,0.073061
2.373000144958496,-3.961276,-0.912501,-12.615761,0.35599,0.042376,0.073061
2.373000144958496,-3.961276,-0.912501,-12.615761,0.35599,0.042376,0.073061
2.373000144958496,-3.961276,-0.912501,-12.615761,0.35599,0.042376,0.073061
2.373000144958496,-3.961276,-0.912501,-12.615761,0.35599,0.042376,0.073061
2.373000144958496,-3.961276,-0.912501,-12.615761,0.35599,0.042376,0.073061
2.373000144958496,-3.961276,-0.912501,-12.615761,0.35599,0.042376,0.073061
2.373000144958496,-3.961276,-0.912501,-12.615761,0.35599,0.042376,0.073061
2.373000144958496,-3.961276,-0.912501,-12.615761,0.35599,0.042376,0.073061
2.373000144958496,-3.961276,-0.912501,-12.615761,0.35599,0.042376,0.073061
2.373000144958496,-3.961276,-0.912501,-12.615761,0.35599,0.042376,0.073061
2.373000144958496,-3.961276,-0.912501,-12.615761,0.35599,0.042376,0.073061
2.373000144958496,-3.961276,-0.912501,-12.615761,0.35599,0.042376,0.073061
2.373000144958496,-3.961276,-0.912501,-12.615761,0.35599,0.042376,0.073061
2.373000144958496,-3.961276,-0.912501,-12.615761,0.35599,0.042376,0.073061
2.373000144958496,-3.961276,-0.912501,-12.615761,0.35599,0.042376,0.073061
2.373000144958496,-3.961276,-0.912501,-12.615761,0.35599,0.042376,0.073061
2.373000144958496,-3.961276,-0.912501,-12.615761,0.35599,0.042376,0.073061
2.373000144958496,-3.961276,-0.912501,-12.615761,0.35599,0.042376,0.073061
2.373000144958496,-3.961276,-0.912501,-12.615761,0.35599,0.042376,0.073061
2.373000144958496,-3.961276,-0.912501,-12.615761,0.35599,0.042376,0.073061
2.373000144958496,-3.961276,-0.912501,-12.615761,0.35599,0.042376,0.073061
2.373000144958496,-3.961276,-0.912501,-12.615761,0.35599,0.042376,0.073061
2.373000144958496,-3.961276,-0.912501,-12.615761,0.35599,0.042376,0.073061
2.373000144958496,-3.961276,-0.912501,-12.615761,0.35599,0.042376,0.073061
2.373000144958496,-3.961276,-0.912501,-12.615761,0.35599,0.042376,0.073061
2.373000144958496,-3.961276,-0.912501,-12.615761,0.35599,0.042376,0.073061
2.373000144958496,-3.961276,-0.912501,-12.615761,0.35599,0.042376,0.073061
2.373000144958496,-3.961276,-0.912501,-12.615761,0.35599,0.042376,0.073061
2.373000144958496,-3.961276,-0.912501,-12.615761,0.35599,0.042376,0.073061
2.373000144958496,-3.961276,-0.912501,-12.615761,0.35599,0.042376,0.073061
2.373000144958496,-3.961276,-0.912501,-12.615761,0.35599,0.042376,0.073061
2.373000144958496,-3.961276,-0.912501,-12.615761,0.35599,0.042376,0.073061
2.373000144958496,-3.961276,-0.912501,-12.615761,0.35599,0.042376,0.073061
2.373000144958496,-3.961276,-0.912501,-12.615761,0.35599,0.042376,0.073061
2.373000144958496,-3.961276,-0.912501,-12.615761,0.35599,0.042376,0.073061
2.373000144958496,-3.961276,-0.912501,-12.615761,0.35599,0.042376,0.073061
2.373000144958496,-3.961276,-0.912501,-12.615761,0.35599,0.042376,0.073061
2.373000144958496,-3.961276,-0.912501,-12.615761,0.35599,0.042376,0.073061
2.373000144958496,-3.961276,-0.912501,-12.615761,0.35599,0.042376,0.073061
2.373000144958496,-3.961276,-0.912501,-12.615761,0.35599,0.042376,0.073061
2.373000144958496,-3.961276,-0.912501,-12.615761,0.35599,0.042376,0.073061
2.373000144958496,-3.961276,-0.912501,-12.615761,0.35599,0.042376,0.073061
2.373000144958496,-3.961276,-0.912501,-12.615761,0.35599,0.042376,0.073061
2.373000144958496,-3.961276,-0.912501,-12.615761,0.35599,0.042376,0.073061
2.373000144958496,-3.961276,-0.912501,-12.615761,0.35599,0.042376,0.073061
2.373000144958496,-3.961276,-0.912501,-12.615761,0.35599,0.042376,0.073061
2.373000144958496,-3.961276,-0.912501,-12.615761,0.35599,0.042376,0.073061
2.373000144958496,-3.961276,-0.912501,-12.615761,0.35599,0.042376,0.073061
2.373000144958496,-3.961276,-0.912501,-12.615761,0.35599,0.042376,0.073061
2.373000144958496,-3.961276,-0.912501,-12.615761,0.35599,0.042376,0.073061
2.373000144958496,-3.961276,-0.912501,-12.615761,0.35599,0.042376,0.073061
2.373000144958496,-3.961276,-0.912501,-12.615761,0.35599,0.042376,0.073061
2.373000144958496,-3.961276,-0.912501,-12.615761,0.35599,0.042376,0.073061
2.373000144958496,-3.961276,-0.912501,-12.615761,0.35599,0.042376,0.073061
2.373000144958496,-3.961276,-0.912501,-12.615761,0.35599,0.042376,0.073061
2.373000144958496,-3.961276,-0.912501,-12.615761,0.35599,0.042376,0.073061
2.373000144958496,-3.961276,-0.912501,-12.615761,0.35599,0.042376,0.073061
2.373000144958496,-3.961276,-0.912501,-12.615761,0.35599,0.042376,0.073061
2.373000144958496,-3.961276,-0.912501,-12.615761,0.35599,0.042376,0.073061
2.373000144958496,-3.961276,-0.912501,-12.615761,0.35599,0.042376,0.073061
2.373000144958496,-3.961276,-0.912501,-12.615761,0.35599,0.042376,0.073061
2.373000144958496,-3.961276,-0.912501,-12.615761,0.35599,0.042376,0.073061
2.373000144958496,-3.961276,-0.912501,-12.615761,0.35599,0.042376,0.073061
2.373000144958496,-3.961276,-0.912501,-12.615761,0.35599,0.042376,0.073061
2.373000144958496,-3.961276,-0.912501,-12.615761,0.35599,0.042376,0.073061
2.373000144958496,-3.961276,-0.912501,-12.615761,0.35599,0.042376,0.073061
2.373000144958496,-3.961276,-0.912501,-12.615761,0.35599,0.042376,0.073061
2.373000144958496,-3.961276,-0.912501,-12.615761,0.35599,0.042376,0.073061
2.373000144958496,-3.961276,-0.912501,-12.615761,0.35599,0.042376,0.073061
2.373000144958496,-3.961276,-0.912501,-12.615761,0.35599,0.042376,0.073061
2.373000144958496,-3.961276,-0.912501,-12.615761,0.35599,0.042376,0.073061
2.373000144958496,-3.961276,-0.912501,-12.615761,0.35599,0.042376,0.073061
2.373000144958496,-3.961276,-0.912501,-12.615761,0.35599,0.042376,0.073061
2.373000144958496,-3.961276,-0.912501,-12.615761,0.35599,0.042376,0.073061
2.373000144958496,-3.961276,-0.912501,-12.615761,0.35599,0.042376,0.073061
2.373000144958496,-3.961276,-0.912501,-12.615761,0.35599,0.042376,0.073061
2.373000144958496,-3.961276,-0.912501,-12.615761,0.35599,0.042376,0.073061
2.373000144958496,-3.961276,-0.912501,-12.615761,0.35599,0.042376,0.073061
2.373000144958496,-3.961276,-0.912501,-12.615761,0.35599,0.042376,0.073061
2.373000144958496,-3.961276,-0.912501,-12.615761,0.35599,0.042376,0.073061
2.373000144958496,-3.961276,-0.912501,-12.615761,0.35599,0.042376,0.073061
2.373000144958496,-3.961276,-0.912501,-12.615761,0.35599,0.042376,0.073061
2.373000144958496,-3.961276,-0.912501,-12.615761,0.35599,0.042376,0.073061
2.373000144958496,-3.961276,-0.912501,-12.615761,0.35599,0.042376,0.073061
2.373000144958496,-3.961276,-0.912501,-12.615761,0.35599,0.042376,0.073061
2.373000144958496,-3.961276,-0.912501,-12.615761,0.35599,0.042376,0.073061
2.373000144958496,-3.961276,-0.912501,-12.615761,0.35599,0.042376,0.073061
2.373000144958496,-3.961276,-0.912501,-12.615761,0.35599,0.042376,0.073061
2.373000144958496,-3.961276,-0.912501,-12.615761,0.35599,0.042376,0.073061
2.373000144958496,-3.961276,-0.912501,-12.615761,0.35599,0.042376,0.073061
2.373000144958496,-3.961276,-0.912501,-12.615761,0.35599,0.042376,0.073061
2.373000144958496,-3.961276,-0.912501,-12.615761,0.35599,0.042376,0.073061
2.373000144958496,-3.961276,-0.912501,-12.615761,0.35599,0.042376,0.073061
2.373000144958496,-3.961276,-0.912501,-12.615761,0.35599,0.042376,0.073061
2.373000144958496,-3.961276,-0.912501,-12.615761,0.35599,0.042376,0.073061
2.373000144958496,-3.961276,-0.912501,-12.615761,0.35599,0.042376,0.073061
2.373000144958496,-3.961276,-0.912501,-12.615761,0.35599,0.042376,0.073061
2.373000144958496,-3.961276,-0.912501,-12.615761,0.35599,0.042376,0.073061
2.373000144958496,-3.961276,-0.912501,-12.615761,0.35599,0.042376,0.073061
2.373000144958496,-3.961276,-0.912501,-12.615761,0.35599,0.042376,0.073061
2.373000144958496,-3.961276,-0.912501,-12.615761,0.35599,0.042376,0.073061
2.373000144958496,-3.961276,-0.912501,-12.615761,0.35599,0.042376,0.073061
2.373000144958496,-3.961276,-0.912501,-12.615761,0.35599,0.042376,0.073061
2.373000144958496,-3.961276,-0.912501,-12.615761,0.35599,0.042376,0.073061
2.373000144958496,-3.961276,-0.912501,-12.615761,0.35599,0.042376,0.073061
2.373000144958496,-3.961276,-0.912501,-12.615761,0.35599,0.042376,0.073061
2.373000144958496,-3.961276,-0.912501,-12.615761,0.35599,0.042376,0.073061
2.373000144958496,-3.961276,-0.912501,-12.615761,0.35599,0.042376,0.073061
2.373000144958496,-3.961276,-0.912501,-12.615761,0.35599,0.042376,0.073061
2.373000144958496,-3.961276,-0.912501,-12.615761,0.35599,0.042376,0.073061
2.373000144958496,-3.961276,-0.912501,-12.615761,0.35599,0.042376,0.073061
2.373000144958496,-3.961276,-0.912501,-12.615761,0.35599,0.042376,0.073061
2.373000144958496,-3.961276,-0.912501,-12.615761,0.35599,0.042376,0.073061
2.373000144958496,-3.961276,-0.912501,-12.615761,0.35599,0.042376,0.073061
2.373000144958496,-3.961276,-0.912501,-12.615761,0.35599,0.042376,0.073061
2.373000144958496,-3.961276,-0.912501,-12.615761,0.35599,0.042376,0.073061
2.373000144958496,-3.961276,-0.912501,-12.615761,0.35599,0.042376,0.073061
2.373000144958496,-3.961276,-0.912501,-12.615761,0.35599,0.042376,0.073061
2.373000144958496,-3.961276,-0.912501,-12.615761,0.35599,0.042376,0.073061
2.373000144958496,-3.961276,-0.912501,-12.615761,0.35599,0.042376,0.073061
2.373000144958496,-3.961276,-0.912501,-12.615761,0.35599,0.042376,0.073061
2.373000144958496,-3.961276,-0.912501,-12.615761,0.35599,0.042376,0.073061
2.373000144958496,-3.961276,-0.912501,-12.615761,0.35599,0.042376,0.073061
2.373000144958496,-3.961276,-0.912501,-12.615761,0.35599,0.042376,0.073061
2.373000144958496,-3.961276,-0.912501,-12.615761,0.35599,0.042376,0.073061
2.373000144958496,-3.961276,-0.912501,-12.615761,0.35599,0.042376,0.073061
2.373000144958496,-3.961276,-0.912501,-12.615761,0.35599,0.042376,0.073061
2.373000144958496,-3.961276,-0.912501,-12.615761,0.35599,0.042376,0.073061
2.373000144958496,-3.961276,-0.912501,-12.615761,0.35599,0.042376,0.073061
2.373000144958496,-3.961276,-0.912501,-12.615761,0.35599,0.042376,0.073061
2.373000144958496,-3.961276,-0.912501,-12.615761,0.35599,0.042376,0.073061
2.373000144958496,-3.961276,-0.912501,-12.615761,0.35599,0.042376,0.073061
2.373000144958496,-3.961276,-0.912501,-12.615761,0.35599,0.042376,0.073061
2.373000144958496,-3.961276,-0.912501,-12.615761,0.35599,0.042376,0.073061
2.373000144958496,-3.961276,-0.912501,-12.615761,0.35599,0.042376,0.073061
2.373000144958496,-3.961276,-0.912501,-12.615761,0.35599,0.042376,0.073061
2.373000144958496,-3.961276,-0.912501,-12.615761,0.35599,0.042376,0.073061
2.373000144958496,-3.961276,-0.912501,-12.615761,0.35599,0.042376,0.073061
2.373000144958496,-3.961276,-0.912501,-12.615761,0.35599,0.042376,0.073061
2.373000144958496,-3.961276,-0.912501,-12.615761,0.35599,0.042376,0.073061
2.373000144958496,-3.961276,-0.912501,-12.615761,0.35599,0.042376,0.073061
2.373000144958496,-3.961276,-0.912501,-12.615761,0.35599,0.042376,0.073061
2.373000144958496,-3.961276,-0.912501,-12.615761,0.35599,0.042376,0.073061
2.373000144958496,-3.961276,-0.912501,-12.615761,0.35599,0.042376,0.073061
2.373000144958496,-3.961276,-0.912501,-12.615761,0.35599,0.042376,0.073061
2.373000144958496,-3.961276,-0.912501,-12.615761,0.35599,0.042376,0.073061
2.373000144958496,-3.961276,-0.912501,-12.615761,0.35599,0.042376,0.073061
2.373000144958496,-3.961276,-0.912501,-12.615761,0.35599,0.042376,0.073061
2.373000144958496,-3.961276,-0.912501,-12.615761,0.35599,0.042376,0.073061
2.373000144958496,-3.961276,-0.912501,-12.615761,0.35599,0.042376,0.073061
2.373000144958496,-3.961276,-0.912501,-12.615761,0.35599,0.042376,0.073061
2.373000144958496,-3.961276,-0.912501,-12.615761,0.35599,0.042376,0.073061
2.373000144958496,-3.961276,-0.912501,-12.615761,0.35599,0.042376,0.073061
2.373000144958496,-3.961276,-0.912501,-12.615761,0.35599,0.042376,0.073061
2.373000144958496,-3.961276,-0.912501,-12.615761,0.35599,0.042376,0.073061
2.373000144958496,-3.961276,-0.912501,-12.615761,0.35599,0.042376,0.073061
2.373000144958496,-3.961276,-0.912501,-12.615761,0.35599,0.042376,0.073061
2.373000144958496,-3.961276,-0.912501,-12.615761,0.35599,0.042376,0.073061
2.373000144958496,-3.961276,-0.912501,-12.615761,0.35599,0.042376,0.073061
2.373000144958496,-3.961276,-0.912501,-12.615761,0.35599,0.042376,0.073061
2.373000144958496,-3.961276,-0.912501,-12.615761,0.35599,0.042376,0.073061
2.373000144958496,-3.961276,-0.912501,-12.615761,0.35599,0.042376,0.073061
2.373000144958496,-3.961276,-0.912501,-12.615761,0.35599,0.042376,0.073061
2.373000144958496,-3.961276,-0.912501,-12.615761,0.35599,0.042376,0.073061
2.373000144958496,-3.961276,-0.912501,-12.615761,0.35599,0.042376,0.073061
2.373000144958496,-3.961276,-0.912501,-12.615761,0.35599,0.042376,0.073061
2.373000144958496,-3.961276,-0.912501,-12.615761,0.35599,0.042376,0.073061
2.373000144958496,-3.961276,-0.912501,-12.615761,0.35599,0.042376,0.073061
2.373000144958496,-3.961276,-0.912501,-12.615761,0.35599,0.042376,0.073061
2.373000144958496,-3.961276,-0.912501,-12.615761,0.35599,0.042376,0.073061
2.373000144958496,-3.961276,-0.912501,-12.615761,0.35599,0.042376,0.073061
2.373000144958496,-3.961276,-0.912501,-12.615761,0.35599,0.042376,0.073061
2.373000144958496,-3.961276,-0.912501,-12.615761,0.35599,0.042376,0.073061
2.373000144958496,-3.961276,-0.912501,-12.615761,0.35599,0.042376,0.073061
2.373000144958496,-3.961276,-0.912501,-12.615761,0.35599,0.042376,0.073061
2.373000144958496,-3.961276,-0.912501,-12.615761,0.35599,0.042376,0.073061
2.373000144958496,-3.961276,-0.912501,-12.615761,0.35599,0.042376,0.073061
2.373000144958496,-3.961276,-0.912501,-12.615761,0.35599,0.042376,0.073061
2.373000144958496,-3.961276,-0.912501,-12.615761,0.35599,0.042376,0.073061
2.373000144958496,-3.961276,-0.912501,-12.615761,0.35599,0.042376,0.073061
2.373000144958496,-3.961276,-0.912501,-12.615761,0.35599,0.042376,0.073061
2.373000144958496,-3.961276,-0.912501,-12.615761,0.35599,0.042376,0.073061
2.373000144958496,-3.961276,-0.912501,-12.615761,0.35599,0.042376,0.073061
2.373000144958496,-3.961276,-0.912501,-12.615761,0.35599,0.042376,0.073061
2.373000144958496,-3.961276,-0.912501,-12.615761,0.35599,0.042376,0.073061
2.373000144958496,-3.961276,-0.912501,-12.615761,0.35599,0.042376,0.073061
2.373000144958496,-3.961276,-0.912501,-12.615761,0.35599,0.042376,0.073061
2.373000144958496,-3.961276,-0.912501,-12.615761,0.35599,0.042376,0.073061
2.373000144958496,-3.961276,-0.912501,-12.615761,0.35599,0.042376,0.073061
2.373000144958496,-3.961276,-0.912501,-12.615761,0.35599,0.042376,0.073061
2.373000144958496,-3.961276,-0.912501,-12.615761,0.35599,0.042376,0.073061
2.373000144958496,-3.961276,-0.912501,-12.615761,0.35599,0.042376,0.073061
2.373000144958496,-3.961276,-0.912501,-12.615761,0.35599,0.042376,0.073061
2.373000144958496,-3.961276,-0.912501,-12.615761,0.35599,0.042376,0.073061
2.373000144958496,-3.961276,-0.912501,-12.615761,0.35599,0.042376,0.073061
2.373000144958496,-3.961276,-0.912501,-12.615761,0.35599,0.042376,0.073061
2.373000144958496,-3.961276,-0.912501,-12.615761,0.35599,0.042376,0.073061
2.373000144958496,-3.961276,-0.912501,-12.615761,0.35599,0.042376,0.073061
2.373000144958496,-3.961276,-0.912501,-12.615761,0.35599,0.042376,0.073061
2.373000144958496,-3.961276,-0.912501,-12.615761,0.35599,0.042376,0.073061
2.373000144958496,-3.961276,-0.912501,-12.615761,0.35599,0.042376,0.073061
2.373000144958496,-3.961276,-0.912501,-12.615761,0.35599,0.042376,0.073061
2.373000144958496,-3.961276,-0.912501,-12.615761,0.35599,0.042376,0.073061
2.373000144958496,-3.961276,-0.912501,-12.615761,0.35599,0.042376,0.073061
2.373000144958496,-3.961276,-0.912501,-12.615761,0.35599,0.042376,0.073061
2.373000144958496,-3.961276,-0.912501,-12.615761,0.35599,0.042376,0.073061
2.373000144958496,-3.961276,-0.912501,-12.615761,0.35599,0.042376,0.073061
2.373000144958496,-3.961276,-0.912501,-12.615761,0.35599,0.042376,0.073061
2.373000144958496,-3.961276,-0.912501,-12.615761,0.35599,0.042376,0.073061
2.373000144958496,-3.961276,-0.912501,-12.615761,0.35599,0.042376,0.073061
2.373000144958496,-3.961276,-0.912501,-12.615761,0.35599,0.042376,0.073061
2.373000144958496,-3.961276,-0.912501,-12.615761,0.35599,0.042376,0.073061
2.373000144958496,-3.961276,-0.912501,-12.615761,0.35599,0.042376,0.073061
2.373000144958496,-3.961276,-0.912501,-12.615761,0.35599,0.042376,0.073061
2.373000144958496,-3.961276,-0.912501,-12.615761,0.35599,0.042376,0.073061
2.373000144958496,-3.961276,-0.912501,-12.615761,0.35599,0.042376,0.073061
2.373000144958496,-3.961276,-0.912501,-12.615761,0.35599,0.042376,0.073061
2.373000144958496,-3.961276,-0.912501,-12.615761,0.35599,0.042376,0.073061
2.373000144958496,-3.961276,-0.912501,-12.615761,0.35599,0.042376,0.073061
2.373000144958496,-3.961276,-0.912501,-12.615761,0.35599,0.042376,0.073061
2.373000144958496,-3.961276,-0.912501,-12.615761,0.35599,0.042376,0.073061
2.373000144958496,-3.961276,-0.912501,-12.615761,0.35599,0.042376,0.073061
2.373000144958496,-3.961276,-0.912501,-12.615761,0.35599,0.042376,0.073061
2.373000144958496,-3.961276,-0.912501,-12.615761,0.35599,0.042376,0.073061
2.373000144958496,-3.961276,-0.912501,-12.615761,0.35599,0.042376,0.073061
2.373000144958496,-3.961276,-0.912501,-12.615761,0.35599,0.042376,0.073061
2.373000144958496,-3.961276,-0.912501,-12.615761,0.35599,0.042376,0.073061
2.373000144958496,-3.961276,-0.912501,-12.615761,0.35599,0.042376,0.073061
2.373000144958496,-3.961276,-0.912501,-12.615761,0.35599,0.042376,0.073061
2.373000144958496,-3.961276,-0.912501,-12.615761,0.35599,0.042376,0.073061
2.373000144958496,-3.961276,-0.912501,-12.615761,0.35599,0.042376,0.073061
2.373000144958496,-3.961276,-0.912501,-12.615761,0.35599,0.042376,0.073061
2.373000144958496,-3.961276,-0.912501,-12.615761,0.35599,0.042376,0.073061
2.373000144958496,-3.961276,-0.912501,-12.615761,0.35599,0.042376,0.073061
2.373000144958496,-3.961276,-0.912501,-12.615761,0.35599,0.042376,0.073061
2.373000144958496,-3.961276,-0.912501,-12.615761,0.35599,0.042376,0.073061
2.373000144958496,-3.961276,-0.912501,-12.615761,0.35599,0.042376,0.073061
2.373000144958496,-3.961276,-0.912501,-12.615761,0.35599,0.042376,0.073061
2.373000144958496,-3.961276,-0.912501,-12.615761,0.35599,0.042376,0.073061
2.373000144958496,-3.961276,-0.912501,-12.615761,0.35599,0.042376,0.073061
2.373000144958496,-3.961276,-0.912501,-12.615761,0.35599,0.042376,0.073061
2.373000144958496,-3.961276,-0.912501,-12.615761,0.35599,0.042376,0.073061
2.373000144958496,-3.961276,-0.912501,-12.615761,0.35599,0.042376,0.073061
2.373000144958496,-3.961276,-0.912501,-12.615761,0.35599,0.042376,0.073061
2.373000144958496,-3.961276,-0.912501,-12.615761,0.35599,0.042376,0.073061
2.373000144958496,-3.961276,-0.912501,-12.615761,0.35599,0.042376,0.073061
2.373000144958496,-3.961276,-0.912501,-12.615761,0.35599,0.042376,0.073061
2.373000144958496,-3.961276,-0.912501,-12.615761,0.35599,0.042376,0.073061
2.373000144958496,-3.961276,-0.912501,-12.615761,0.35599,0.042376,0.073061
2.373000144958496,-3.961276,-0.912501,-12.615761,0.35599,0.042376,0.073061
2.373000144958496,-3.961276,-0.912501,-12.615761,0.35599,0.042376,0.073061
2.373000144958496,-3.961276,-0.912501,-12.615761,0.35599,0.042376,0.073061
2.373000144958496,-3.961276,-0.912501,-12.615761,0.35599,0.042376,0.073061
2.373000144958496,-3.961276,-0.912501,-12.615761,0.35599,0.042376,0.073061
2.373000144958496,-3.961276,-0.912501,-12.615761,0.35599,0.042376,0.073061
2.373000144958496,-3.961276,-0.912501,-12.615761,0.35599,0.042376,0.073061
2.373000144958496,-3.961276,-0.912501,-12.615761,0.35599,0.042376,0.073061
2.373000144958496,-3.961276,-0.912501,-12.615761,0.35599,0.042376,0.073061
2.373000144958496,-3.961276,-0.912501,-12.615761,0.35599,0.042376,0.073061
2.373000144958496,-3.961276,-0.912501,-12.615761,0.35599,0.042376,0.073061
2.373000144958496,-3.961276,-0.912501,-12.615761,0.35599,0.042376,0.073061
2.373000144958496,-3.961276,-0.912501,-12.615761,0.35599,0.042376,0.073061
2.373000144958496,-3.961276,-0.912501,-12.615761,0.35599,0.042376,0.073061
2.373000144958496,-3.961276,-0.912501,-12.615761,0.35599,0.042376,0.073061
2.373000144958496,-3.961276,-0.912501,-12.615761,0.35599,0.042376,0.073061
2.373000144958496,-3.961276,-0.912501,-12.615761,0.35599,0.042376,0.073061
2.373000144958496,-3.961276,-0.912501,-12.615761,0.35599,0.042376,0.073061
2.373000144958496,-3.961276,-0.912501,-12.615761,0.35599,0.042376,0.073061
2.373000144958496,-3.961276,-0.912501,-12.615761,0.35599,0.042376,0.073061
2.373000144958496,-3.961276,-0.912501,-12.615761,0.35599,0.042376,0.073061
2.373000144958496,-3.961276,-0.912501,-12.615761,0.35599,0.042376,0.073061
2.373000144958496,-3.961276,-0.912501,-12.615761,0.35599,0.042376,0.073061
2.373000144958496,-3.961276,-0.912501,-12.615761,0.35599,0.042376,0.073061
2.373000144958496,-3.961276,-0.912501,-12.615761,0.35599,0.042376,0.073061
2.373000144958496,-3.961276,-0.912501,-12.615761,0.35599,0.042376,0.073061
2.373000144958496,-3.961276,-0.912501,-12.615761,0.35599,0.042376,0.073061
2.373000144958496,-3.961276,-0.912501,-12.615761,0.35599,0.042376,0.073061
2.373000144958496,-3.961276,-0.912501,-12.615761,0.35599,0.042376,0.073061
2.373000144958496,-3.961276,-0.912501,-12.615761,0.35599,0.042376,0.073061
2.373000144958496,-3.961276,-0.912501,-12.615761,0.35599,0.042376,0.073061
2.373000144958496,-3.961276,-0.912501,-12.615761,0.35599,0.042376,0.073061
2.373000144958496,-3.961276,-0.912501,-12.615761,0.35599,0.042376,0.073061
2.373000144958496,-3.961276,-0.912501,-12.615761,0.35599,0.042376,0.073061
2.373000144958496,-3.961276,-0.912501,-12.615761,0.35599,0.042376,0.073061
2.373000144958496,-3.961276,-0.912501,-12.615761,0.35599,0.042376,0.073061
2.373000144958496,-3.961276,-0.912501,-12.615761,0.35599,0.042376,0.073061
2.373000144958496,-3.961276,-0.912501,-12.615761,0.35599,0.042376,0.073061
2.373000144958496,-3.961276,-0.912501,-12.615761,0.35599,0.042376,0.073061
2.373000144958496,-3.961276,-0.912501,-12.615761,0.35599,0.042376,0.073061
2.373000144958496,-3.961276,-0.912501,-12.615761,0.35599,0.042376,0.073061
2.373000144958496,-3.961276,-0.912501,-12.615761,0.35599,0.042376,0.073061
2.373000144958496,-3.961276,-0.912501,-12.615761,0.35599,0.042376,0.073061
2.373000144958496,-3.961276,-0.912501,-12.615761,0.35599,0.042376,0.073061
2.373000144958496,-3.961276,-0.912501,-12.615761,0.35599,0.042376,0.073061
2.373000144958496,-3.961276,-0.912501,-12.615761,0.35599,0.042376,0.073061
2.373000144958496,-3.961276,-0.912501,-12.615761,0.35599,0.042376,0.073061
2.373000144958496,-3.961276,-0.912501,-12.615761,0.35599,0.042376,0.073061
2.373000144958496,-3.961276,-0.912501,-12.615761,0.35599,0.042376,0.073061
2.373000144958496,-3.961276,-0.912501,-12.615761,0.35599,0.042376,0.073061
2.373000144958496,-3.961276,-0.912501,-12.615761,0.35599,0.042376,0.073061
2.373000144958496,-3.961276,-0.912501,-12.615761,0.35599,0.042376,0.073061
2.373000144958496,-3.961276,-0.912501,-12.615761,0.35599,0.042376,0.073061
2.373000144958496,-3.961276,-0.912501,-12.615761,0.35599,0.042376,0.073061
2.373000144958496,-3.961276,-0.912501,-12.615761,0.35599,0.042376,0.073061
2.373000144958496,-3.961276,-0.912501,-12.615761,0.35599,0.042376,0.073061
2.373000144958496,-3.961276,-0.912501,-12.615761,0.35599,0.042376,0.073061
2.373000144958496,-3.961276,-0.912501,-12.615761,0.35599,0.042376,0.073061
2.373000144958496,-3.961276,-0.912501,-12.615761,0.35599,0.042376,0.073061
2.373000144958496,-3.961276,-0.912501,-12.615761,0.35599,0.042376,0.073061
2.373000144958496,-3.961276,-0.912501,-12.615761,0.35599,0.042376,0.073061
2.373000144958496,-3.961276,-0.912501,-12.615761,0.35599,0.042376,0.073061
2.373000144958496,-3.961276,-0.912501,-12.615761,0.35599,0.042376,0.073061
2.373000144958496,-3.961276,-0.912501,-12.615761,0.35599,0.042376,0.073061
2.373000144958496,-3.961276,-0.912501,-12.615761,0.35599,0.042376,0.073061
2.373000144958496,-3.961276,-0.912501,-12.615761,0.35599,0.042376,0.073061
2.373000144958496,-3.961276,-0.912501,-12.615761,0.35599,0.042376,0.073061
2.373000144958496,-3.961276,-0.912501,-12.615761,0.35599,0.042376,0.073061
2.373000144958496,-3.961276,-0.912501,-12.615761,0.35599,0.042376,0.073061
2.373000144958496,-3.961276,-0.912501,-12.615761,0.35599,0.042376,0.073061
2.373000144958496,-3.961276,-0.912501,-12.615761,0.35599,0.042376,0.073061
2.373000144958496,-3.961276,-0.912501,-12.615761,0.35599,0.042376,0.073061
2.373000144958496,-3.961276,-0.912501,-12.615761,0.35599,0.042376,0.073061
2.373000144958496,-3.961276,-0.912501,-12.615761,0.35599,0.042376,0.073061
2.373000144958496,-3.961276,-0.912501,-12.615761,0.35599,0.042376,0.073061
2.373000144958496,-3.961276,-0.912501,-12.615761,0.35599,0.042376,0.073061
2.373000144958496,-3.961276,-0.912501,-12.615761,0.35599,0.042376,0.073061
2.373000144958496,-3.961276,-0.912501,-12.615761,0.35599,0.042376,0.073061
2.373000144958496,-3.961276,-0.912501,-12.615761,0.35599,0.042376,0.073061
2.373000144958496,-3.961276,-0.912501,-12.615761,0.35599,0.042376,0.073061
2.373000144958496,-3.961276,-0.912501,-12.615761,0.35599,0.042376,0.073061
2.373000144958496,-3.961276,-0.912501,-12.615761,0.35599,0.042376,0.073061
2.373000144958496,-3.961276,-0.912501,-12.615761,0.35599,0.042376,0.073061
2.373000144958496,-3.961276,-0.912501,-12.615761,0.35599,0.042376,0.073061
2.373000144958496,-3.961276,-0.912501,-12.615761,0.35599,0.042376,0.073061
2.373000144958496,-3.961276,-0.912501,-12.615761,0.35599,0.042376,0.073061
2.373000144958496,-3.961276,-0.912501,-12.615761,0.35599,0.042376,0.073061
2.373000144958496,-3.961276,-0.912501,-12.615761,0.35599,0.042376,0.073061
2.373000144958496,-3.961276,-0.912501,-12.615761,0.35599,0.042376,0.073061
2.373000144958496,-3.961276,-0.912501,-12.615761,0.35599,0.042376,0.073061
2.373000144958496,-3.961276,-0.912501,-12.615761,0.35599,0.042376,0.073061
2.373000144958496,-3.961276,-0.912501,-12.615761,0.35599,0.042376,0.073061
2.373000144958496,-3.961276,-0.912501,-12.615761,0.35599,0.042376,0.073061
2.373000144958496,-3.961276,-0.912501,-12.615761,0.35599,0.042376,0.073061
2.373000144958496,-3.961276,-0.912501,-12.615761,0.35599,0.042376,0.073061
2.373000144958496,-3.961276,-0.912501,-12.615761,0.35599,0.042376,0.073061
2.373000144958496,-3.961276,-0.912501,-12.615761,0.35599,0.042376,0.073061
2.373000144958496,-3.961276,-0.912501,-12.615761,0.35599,0.042376,0.073061
2.373000144958496,-3.961276,-0.912501,-12.615761,0.35599,0.042376,0.073061
2.373000144958496,-3.961276,-0.912501,-12.615761,0.35599,0.042376,0.073061
2.373000144958496,-3.961276,-0.912501,-12.615761,0.35599,0.042376,0.073061
2.373000144958496,-3.961276,-0.912501,-12.615761,0.35599,0.042376,0.073061
2.373000144958496,-3.961276,-0.912501,-12.615761,0.35599,0.042376,0.073061
2.373000144958496,-3.961276,-0.912501,-12.615761,0.35599,0.042376,0.073061
2.373000144958496,-3.961276,-0.912501,-12.615761,0.35599,0.042376,0.073061
2.373000144958496,-3.961276,-0.912501,-12.615761,0.35599,0.042376,0.073061
2.373000144958496,-3.961276,-0.912501,-12.615761,0.35599,0.042376,0.073061
2.373000144958496,-3.961276,-0.912501,-12.615761,0.35599,0.042376,0.073061
2.373000144958496,-3.961276,-0.912501,-12.615761,0.35599,0.042376,0.073061
2.373000144958496,-3.961276,-0.912501,-12.615761,0.35599,0.042376,0.073061
2.373000144958496,-3.961276,-0.912501,-12.615761,0.35599,0.042376,0.073061
2.373000144958496,-3.961276,-0.912501,-12.615761,0.35599,0.042376,0.073061
2.373000144958496,-3.961276,-0.912501,-12.615761,0.35599,0.042376,0.073061
2.373000144958496,-3.961276,-0.912501,-12.615761,0.35599,0.042376,0.073061
2.373000144958496,-3.961276,-0.912501,-12.615761,0.35599,0.042376,0.073061
2.373000144958496,-3.961276,-0.912501,-12.615761,0.35599,0.042376,0.073061
2.373000144958496,-3.961276,-0.912501,-12.615761,0.35599,0.042376,0.073061
2.373000144958496,-3.961276,-0.912501,-12.615761,0.35599,0.042376,0.073061
2.373000144958496,-3.961276,-0.912501,-12.615761,0.35599,0.042376,0.073061
2.373000144958496,-3.961276,-0.912501,-12.615761,0.35599,0.042376,0.073061
2.373000144958496,-3.961276,-0.912501,-12.615761,0.35599,0.042376,0.073061
2.373000144958496,-3.961276,-0.912501,-12.615761,0.35599,0.042376,0.073061
2.373000144958496,-3.961276,-0.912501,-12.615761,0.35599,0.042376,0.073061
2.373000144958496,-3.961276,-0.912501,-12.615761,0.35599,0.042376,0.073061
2.373000144958496,-3.961276,-0.912501,-12.615761,0.35599,0.042376,0.073061
2.373000144958496,-3.961276,-0.912501,-12.615761,0.35599,0.042376,0.073061
2.373000144958496,-3.961276,-0.912501,-12.615761,0.35599,0.042376,0.073061
2.373000144958496,-3.961276,-0.912501,-12.615761,0.35599,0.042376,0.073061
2.373000144958496,-3.961276,-0.912501,-12.615761,0.35599,0.042376,0.073061
2.373000144958496,-3.961276,-0.912501,-12.615761,0.35599,0.042376,0.073061
2.373000144958496,-3.961276,-0.912501,-12.615761,0.35599,0.042376,0.073061
2.373000144958496,-3.961276,-0.912501,-12.615761,0.35599,0.042376,0.073061
2.373000144958496,-3.961276,-0.912501,-12.615761,0.35599,0.042376,0.073061
2.373000144958496,-3.961276,-0.912501,-12.615761,0.35599,0.042376,0.073061
2.373000144958496,-3.961276,-0.912501,-12.615761,0.35599,0.042376,0.073061
2.373000144958496,-3.961276,-0.912501,-12.615761,0.35599,0.042376,0.073061
2.373000144958496,-3.961276,-0.912501,-12.615761,0.35599,0.042376,0.073061
2.373000144958496,-3.961276,-0.912501,-12.615761,0.35599,0.042376,0.073061
2.373000144958496,-3.961276,-0.912501,-12.615761,0.35599,0.042376,0.073061
2.373000144958496,-3.961276,-0.912501,-12.615761,0.35599,0.042376,0.073061
2.373000144958496,-3.961276,-0.912501,-12.615761,0.35599,0.042376,0.073061
2.373000144958496,-3.961276,-0.912501,-12.615761,0.35599,0.042376,0.073061
2.373000144958496,-3.961276,-0.912501,-12.615761,0.35599,0.042376,0.073061
2.373000144958496,-3.961276,-0.912501,-12.615761,0.35599,0.042376,0.073061
2.373000144958496,-3.961276,-0.912501,-12.615761,0.35599,0.042376,0.073061
2.373000144958496,-3.961276,-0.912501,-12.615761,0.35599,0.042376,0.073061
2.373000144958496,-3.961276,-0.912501,-12.615761,0.35599,0.042376,0.073061
2.373000144958496,-3.961276,-0.912501,-12.615761,0.35599,0.042376,0.073061
2.373000144958496,-3.961276,-0.912501,-12.615761,0.35599,0.042376,0.073061
2.373000144958496,-3.961276,-0.912501,-12.615761,0.35599,0.042376,0.073061
2.373000144958496,-3.961276,-0.912501,-12.615761,0.35599,0.042376,0.073061
2.373000144958496,-3.961276,-0.912501,-12.615761,0.35599,0.042376,0.073061
2.373000144958496,-3.961276,-0.912501,-12.615761,0.35599,0.042376,0.073061
2.373000144958496,-3.961276,-0.912501,-12.615761,0.35599,0.042376,0.073061
2.373000144958496,-3.961276,-0.912501,-12.615761,0.35599,0.042376,0.073061
2.373000144958496,-3.961276,-0.912501,-12.615761,0.35599,0.042376,0.073061
2.373000144958496,-3.961276,-0.912501,-12.615761,0.35599,0.042376,0.073061
2.373000144958496,-3.961276,-0.912501,-12.615761,0.35599,0.042376,0.073061
2.373000144958496,-3.961276,-0.912501,-12.615761,0.35599,0.042376,0.073061
2.373000144958496,-3.961276,-0.912501,-12.615761,0.35599,0.042376,0.073061
2.373000144958496,-3.961276,-0.912501,-12.615761,0.35599,0.042376,0.073061
2.373000144958496,-3.961276,-0.912501,-12.615761,0.35599,0.042376,0.073061
2.373000144958496,-3.961276,-0.912501,-12.615761,0.35599,0.042376,0.073061
2.373000144958496,-3.961276,-0.912501,-12.615761,0.35599,0.042376,0.073061
2.373000144958496,-3.961276,-0.912501,-12.615761,0.35599,0.042376,0.073061
2.373000144958496,-3.961276,-0.912501,-12.615761,0.35599,0.042376,0.073061
2.373000144958496,-3.961276,-0.912501,-12.615761,0.35599,0.042376,0.073061
2.373000144958496,-3.961276,-0.912501,-12.615761,0.35599,0.042376,0.073061
2.373000144958496,-3.961276,-0.912501,-12.615761,0.35599,0.042376,0.073061
2.373000144958496,-3.961276,-0.912501,-12.615761,0.35599,0.042376,0.073061
2.373000144958496,-3.961276,-0.912501,-12.615761,0.35599,0.042376,0.073061
2.373000144958496,-3.961276,-0.912501,-12.615761,0.35599,0.042376,0.073061
2.373000144958496,-3.961276,-0.912501,-12.615761,0.35599,0.042376,0.073061
2.373000144958496,-3.961276,-0.912501,-12.615761,0.35599,0.042376,0.073061
2.373000144958496,-3.961276,-0.912501,-12.615761,0.35599,0.042376,0.073061
2.373000144958496,-3.961276,-0.912501,-12.615761,0.35599,0.042376,0.073061
2.373000144958496,-3.961276,-0.912501,-12.615761,0.35599,0.042376,0.073061
2.373000144958496,-3.961276,-0.912501,-12.615761,0.35599,0.042376,0.073061
2.373000144958496,-3.961276,-0.912501,-12.615761,0.35599,0.042376,0.073061
2.373000144958496,-3.961276,-0.912501,-12.615761,0.35599,0.042376,0.073061
2.373000144958496,-3.961276,-0.912501,-12.615761,0.35599,0.042376,0.073061
2.373000144958496,-3.961276,-0.912501,-12.615761,0.35599,0.042376,0.073061
2.373000144958496,-3.961276,-0.912501,-12.615761,0.35599,0.042376,0.073061
2.373000144958496,-3.961276,-0.912501,-12.615761,0.35599,0.042376,0.073061
2.373000144958496,-3.961276,-0.912501,-12.615761,0.35599,0.042376,0.073061
2.373000144958496,-3.961276,-0.912501,-12.615761,0.35599,0.042376,0.073061
2.373000144958496,-3.961276,-0.912501,-12.615761,0.35599,0.042376,0.073061
2.373000144958496,-3.961276,-0.912501,-12.615761,0.35599,0.042376,0.073061
2.373000144958496,-3.961276,-0.912501,-12.615761,0.35599,0.042376,0.073061
2.373000144958496,-3.961276,-0.912501,-12.615761,0.35599,0.042376,0.073061
2.373000144958496,-3.961276,-0.912501,-12.615761,0.35599,0.042376,0.073061
2.373000144958496,-3.961276,-0.912501,-12.615761,0.35599,0.042376,0.073061
2.373000144958496,-3.961276,-0.912501,-12.615761,0.35599,0.042376,0.073061
2.373000144958496,-3.961276,-0.912501,-12.615761,0.35599,0.042376,0.073061
2.373000144958496,-3.961276,-0.912501,-12.615761,0.35599,0.042376,0.073061
2.373000144958496,-3.961276,-0.912501,-12.615761,0.35599,0.042376,0.073061
2.373000144958496,-3.961276,-0.912501,-12.615761,0.35599,0.042376,0.073061
2.373000144958496,-3.961276,-0.912501,-12.615761,0.35599,0.042376,0.073061
2.373000144958496,-3.961276,-0.912501,-12.615761,0.35599,0.042376,0.073061
2.373000144958496,-3.961276,-0.912501,-12.615761,0.35599,0.042376,0.073061
2.373000144958496,-3.961276,-0.912501,-12.615761,0.35599,0.042376,0.073061
2.373000144958496,-3.961276,-0.912501,-12.615761,0.35599,0.042376,0.073061
2.373000144958496,-3.961276,-0.912501,-12.615761,0.35599,0.042376,0.073061
2.373000144958496,-3.961276,-0.912501,-12.615761,0.35599,0.042376,0.073061
2.373000144958496,-3.961276,-0.912501,-12.615761,0.35599,0.042376,0.073061
2.373000144958496,-3.961276,-0.912501,-12.615761,0.35599,0.042376,0.073061
2.373000144958496,-3.961276,-0.912501,-12.615761,0.35599,0.042376,0.073061
2.373000144958496,-3.961276,-0.912501,-12.615761,0.35599,0.042376,0.073061
2.373000144958496,-3.961276,-0.912501,-12.615761,0.35599,0.042376,0.073061
2.373000144958496,-3.961276,-0.912501,-12.615761,0.35599,0.042376,0.073061
2.373000144958496,-3.961276,-0.912501,-12.615761,0.35599,0.042376,0.073061
2.373000144958496,-3.961276,-0.912501,-12.615761,0.35599,0.042376,0.073061
2.373000144958496,-3.961276,-0.912501,-12.615761,0.35599,0.042376,0.073061
2.373000144958496,-3.961276,-0.912501,-12.615761,0.35599,0.042376,0.073061
2.373000144958496,-3.961276,-0.912501,-12.615761,0.35599,0.042376,0.073061
2.373000144958496,-3.961276,-0.912501,-12.615761,0.35599,0.042376,0.073061
2.373000144958496,-3.961276,-0.912501,-12.615761,0.35599,0.042376,0.073061
2.373000144958496,-3.961276,-0.912501,-12.615761,0.35599,0.042376,0.073061
2.373000144958496,-3.961276,-0.912501,-12.615761,0.35599,0.042376,0.073061
2.373000144958496,-3.961276,-0.912501,-12.615761,0.35599,0.042376,0.073061
2.373000144958496,-3.961276,-0.912501,-12.615761,0.35599,0.042376,0.073061
2.373000144958496,-3.961276,-0.912501,-12.615761,0.35599,0.042376,0.073061
2.373000144958496,-3.961276,-0.912501,-12.615761,0.35599,0.042376,0.073061
2.373000144958496,-3.961276,-0.912501,-12.615761,0.35599,0.042376,0.073061
2.373000144958496,-3.961276,-0.912501,-12.615761,0.35599,0.042376,0.073061
2.373000144958496,-3.961276,-0.912501,-12.615761,0.35599,0.042376,0.073061
2.373000144958496,-3.961276,-0.912501,-12.615761,0.35599,0.042376,0.073061
2.373000144958496,-3.961276,-0.912501,-12.615761,0.35599,0.042376,0.073061
2.373000144958496,-3.961276,-0.912501,-12.615761,0.35599,0.042376,0.073061
2.373000144958496,-3.961276,-0.912501,-12.615761,0.35599,0.042376,0.073061
2.373000144958496,-3.961276,-0.912501,-12.615761,0.35599,0.042376,0.073061
2.373000144958496,-3.961276,-0.912501,-12.615761,0.35599,0.042376,0.073061
2.373000144958496,-3.961276,-0.912501,-12.615761,0.35599,0.042376,0.073061
2.373000144958496,-3.961276,-0.912501,-12.615761,0.35599,0.042376,0.073061
2.373000144958496,-3.961276,-0.912501,-12.615761,0.35599,0.042376,0.073061
2.373000144958496,-3.961276,-0.912501,-12.615761,0.35599,0.042376,0.073061
2.373000144958496,-3.961276,-0.912501,-12.615761,0.35599,0.042376,0.073061
2.373000144958496,-3.961276,-0.912501,-12.615761,0.35599,0.042376,0.073061
2.373000144958496,-3.961276,-0.912501,-12.615761,0.35599,0.042376,0.073061
2.373000144958496,-3.961276,-0.912501,-12.615761,0.35599,0.042376,0.073061
2.373000144958496,-3.961276,-0.912501,-12.615761,0.35599,0.042376,0.073061
2.373000144958496,-3.961276,-0.912501,-12.615761,0.35599,0.042376,0.073061
2.373000144958496,-3.961276,-0.912501,-12.615761,0.35599,0.042376,0.073061
2.373000144958496,-3.961276,-0.912501,-12.615761,0.35599,0.042376,0.073061
2.373000144958496,-3.961276,-0.912501,-12.615761,0.35599,0.042376,0.073061
2.373000144958496,-3.961276,-0.912501,-12.615761,0.35599,0.042376,0.073061
2.373000144958496,-3.961276,-0.912501,-12.615761,0.35599,0.042376,0.073061
2.373000144958496,-3.961276,-0.912501,-12.615761,0.35599,0.042376,0.073061
2.373000144958496,-3.961276,-0.912501,-12.615761,0.35599,0.042376,0.073061
2.373000144958496,-3.961276,-0.912501,-12.615761,0.35599,0.042376,0.073061
2.373000144958496,-3.961276,-0.912501,-12.615761,0.35599,0.042376,0.073061
2.373000144958496,-3.961276,-0.912501,-12.615761,0.35599,0.042376,0.073061
2.373000144958496,-3.961276,-0.912501,-12.615761,0.35599,0.042376,0.073061
2.373000144958496,-3.961276,-0.912501,-12.615761,0.35599,0.042376,0.073061
2.373000144958496,-3.961276,-0.912501,-12.615761,0.35599,0.042376,0.073061
2.373000144958496,-3.961276,-0.912501,-12.615761,0.35599,0.042376,0.073061
2.373000144958496,-3.961276,-0.912501,-12.615761,0.35599,0.042376,0.073061
2.373000144958496,-3.961276,-0.912501,-12.615761,0.35599,0.042376,0.073061
2.373000144958496,-3.961276,-0.912501,-12.615761,0.35599,0.042376,0.073061
2.373000144958496,-3.961276,-0.912501,-12.615761,0.35599,0.042376,0.073061
2.373000144958496,-3.961276,-0.912501,-12.615761,0.35599,0.042376,0.073061
2.373000144958496,-3.961276,-0.912501,-12.615761,0.35599,0.042376,0.073061
2.373000144958496,-3.961276,-0.912501,-12.615761,0.35599,0.042376,0.073061
2.373000144958496,-3.961276,-0.912501,-12.615761,0.35599,0.042376,0.073061
2.373000144958496,-3.961276,-0.912501,-12.615761,0.35599,0.042376,0.073061
2.373000144958496,-3.961276,-0.912501,-12.615761,0.35599,0.042376,0.073061
2.373000144958496,-3.961276,-0.912501,-12.615761,0.35599,0.042376,0.073061
2.373000144958496,-3.961276,-0.912501,-12.615761,0.35599,0.042376,0.073061
2.373000144958496,-3.961276,-0.912501,-12.615761,0.35599,0.042376,0.073061
2.373000144958496,-3.961276,-0.912501,-12.615761,0.35599,0.042376,0.073061
2.373000144958496,-3.961276,-0.912501,-12.615761,0.35599,0.042376,0.073061
2.373000144958496,-3.961276,-0.912501,-12.615761,0.35599,0.042376,0.073061
2.373000144958496,-3.961276,-0.912501,-12.615761,0.35599,0.042376,0.073061
2.373000144958496,-3.961276,-0.912501,-12.615761,0.35599,0.042376,0.073061
2.373000144958496,-3.961276,-0.912501,-12.615761,0.35599,0.042376,0.073061
2.373000144958496,-3.961276,-0.912501,-12.615761,0.35599,0.042376,0.073061
2.373000144958496,-3.961276,-0.912501,-12.615761,0.35599,0.042376,0.073061
2.373000144958496,-3.961276,-0.912501,-12.615761,0.35599,0.042376,0.073061
2.373000144958496,-3.961276,-0.912501,-12.615761,0.35599,0.042376,0.073061
2.373000144958496,-3.961276,-0.912501,-12.615761,0.35599,0.042376,0.073061
2.373000144958496,-3.961276,-0.912501,-12.615761,0.35599,0.042376,0.073061
2.373000144958496,-3.961276,-0.912501,-12.615761,0.35599,0.042376,0.073061
2.373000144958496,-3.961276,-0.912501,-12.615761,0.35599,0.042376,0.073061
2.373000144958496,-3.961276,-0.912501,-12.615761,0.35599,0.042376,0.073061
2.373000144958496,-3.961276,-0.912501,-12.615761,0.35599,0.042376,0.073061
2.373000144958496,-3.961276,-0.912501,-12.615761,0.35599,0.042376,0.073061
2.373000144958496,-3.961276,-0.912501,-12.615761,0.35599,0.042376,0.073061
2.373000144958496,-3.961276,-0.912501,-12.615761,0.35599,0.042376,0.073061
2.373000144958496,-3.961276,-0.912501,-12.615761,0.35599,0.042376,0.073061
2.373000144958496,-3.961276,-0.912501,-12.615761,0.35599,0.042376,0.073061
2.373000144958496,-3.961276,-0.912501,-12.615761,0.35599,0.042376,0.073061
2.373000144958496,-3.961276,-0.912501,-12.615761,0.35599,0.042376,0.073061
2.373000144958496,-3.961276,-0.912501,-12.615761,0.35599,0.042376,0.073061
2.373000144958496,-3.961276,-0.912501,-12.615761,0.35599,0.042376,0.073061
2.373000144958496,-3.961276,-0.912501,-12.615761,0.35599,0.042376,0.073061
2.373000144958496,-3.961276,-0.912501,-12.615761,0.35599,0.042376,0.073061
2.373000144958496,-3.961276,-0.912501,-12.615761,0.35599,0.042376,0.073061
2.373000144958496,-3.961276,-0.912501,-12.615761,0.35599,0.042376,0.073061
2.373000144958496,-3.961276,-0.912501,-12.615761,0.35599,0.042376,0.073061
2.373000144958496,-3.961276,-0.912501,-12.615761,0.35599,0.042376,0.073061
2.373000144958496,-3.961276,-0.912501,-12.615761,0.35599,0.042376,0.073061
2.373000144958496,-3.961276,-0.912501,-12.615761,0.35599,0.042376,0.073061
2.373000144958496,-3.961276,-0.912501,-12.615761,0.35599,0.042376,0.073061
2.373000144958496,-3.961276,-0.912501,-12.615761,0.35599,0.042376,0.073061
2.373000144958496,-3.961276,-0.912501,-12.615761,0.35599,0.042376,0.073061
2.373000144958496,-3.961276,-0.912501,-12.615761,0.35599,0.042376,0.073061
2.373000144958496,-3.961276,-0.912501,-12.615761,0.35599,0.042376,0.073061
2.373000144958496,-3.961276,-0.912501,-12.615761,0.35599,0.042376,0.073061
2.373000144958496,-3.961276,-0.912501,-12.615761,0.35599,0.042376,0.073061
2.373000144958496,-3.961276,-0.912501,-12.615761,0.35599,0.042376,0.073061
2.373000144958496,-3.961276,-0.912501,-12.615761,0.35599,0.042376,0.073061
2.373000144958496,-3.961276,-0.912501,-12.615761,0.35599,0.042376,0.073061
2.373000144958496,-3.961276,-0.912501,-12.615761,0.35599,0.042376,0.073061
2.373000144958496,-3.961276,-0.912501,-12.615761,0.35599,0.042376,0.073061
2.373000144958496,-3.961276,-0.912501,-12.615761,0.35599,0.042376,0.073061
2.373000144958496,-3.961276,-0.912501,-12.615761,0.35599,0.042376,0.073061
2.373000144958496,-3.961276,-0.912501,-12.615761,0.35599,0.042376,0.073061
2.373000144958496,-3.961276,-0.912501,-12.615761,0.35599,0.042376,0.073061
2.373000144958496,-3.961276,-0.912501,-12.615761,0.35599,0.042376,0.073061
2.373000144958496,-3.961276,-0.912501,-12.615761,0.35599,0.042376,0.073061
2.373000144958496,-3.961276,-0.912501,-12.615761,0.35599,0.042376,0.073061
2.373000144958496,-3.961276,-0.912501,-12.615761,0.35599,0.042376,0.073061
2.373000144958496,-3.961276,-0.912501,-12.615761,0.35599,0.042376,0.073061
2.373000144958496,-3.961276,-0.912501,-12.615761,0.35599,0.042376,0.073061
2.373000144958496,-3.961276,-0.912501,-12.615761,0.35599,0.042376,0.073061
2.373000144958496,-3.961276,-0.912501,-12.615761,0.35599,0.042376,0.073061
2.373000144958496,-3.961276,-0.912501,-12.615761,0.35599,0.042376,0.073061
2.373000144958496,-3.961276,-0.912501,-12.615761,0.35599,0.042376,0.073061
2.373000144958496,-3.961276,-0.912501,-12.615761,0.35599,0.042376,0.073061
2.373000144958496,-3.961276,-0.912501,-12.615761,0.35599,0.042376,0.073061
2.373000144958496,-3.961276,-0.912501,-12.615761,0.35599,0.042376,0.073061
2.373000144958496,-3.961276,-0.912501,-12.615761,0.35599,0.042376,0.073061
2.373000144958496,-3.961276,-0.912501,-12.615761,0.35599,0.042376,0.073061
2.373000144958496,-3.961276,-0.912501,-12.615761,0.35599,0.042376,0.073061
2.373000144958496,-3.961276,-0.912501,-12.615761,0.35599,0.042376,0.073061
2.373000144958496,-3.961276,-0.912501,-12.615761,0.35599,0.042376,0.073061
2.373000144958496,-3.961276,-0.912501,-12.615761,0.35599,0.042376,0.073061
2.373000144958496,-3.961276,-0.912501,-12.615761,0.35599,0.042376,0.073061
2.373000144958496,-3.961276,-0.912501,-12.615761,0.35599,0.042376,0.073061
2.373000144958496,-3.961276,-0.912501,-12.615761,0.35599,0.042376,0.073061
2.373000144958496,-3.961276,-0.912501,-12.615761,0.35599,0.042376,0.073061
2.373000144958496,-3.961276,-0.912501,-12.615761,0.35599,0.042376,0.073061
2.373000144958496,-3.961276,-0.912501,-12.615761,0.35599,0.042376,0.073061
2.373000144958496,-3.961276,-0.912501,-12.615761,0.35599,0.042376,0.073061
2.373000144958496,-3.961276,-0.912501,-12.615761,0.35599,0.042376,0.073061
2.373000144958496,-3.961276,-0.912501,-12.615761,0.35599,0.042376,0.073061
2.373000144958496,-3.961276,-0.912501,-12.615761,0.35599,0.042376,0.073061
2.373000144958496,-3.961276,-0.912501,-12.615761,0.35599,0.042376,0.073061
2.373000144958496,-3.961276,-0.912501,-12.615761,0.35599,0.042376,0.073061
2.373000144958496,-3.961276,-0.912501,-12.615761,0.35599,0.042376,0.073061
2.373000144958496,-3.961276,-0.912501,-12.615761,0.35599,0.042376,0.073061
2.373000144958496,-3.961276,-0.912501,-12.615761,0.35599,0.042376,0.073061
2.373000144958496,-3.961276,-0.912501,-12.615761,0.35599,0.042376,0.073061
2.373000144958496,-3.961276,-0.912501,-12.615761,0.35599,0.042376,0.073061
2.373000144958496,-3.961276,-0.912501,-12.615761,0.35599,0.042376,0.073061
2.373000144958496,-3.961276,-0.912501,-12.615761,0.35599,0.042376,0.073061
2.373000144958496,-3.961276,-0.912501,-12.615761,0.35599,0.042376,0.073061
2.373000144958496,-3.961276,-0.912501,-12.615761,0.35599,0.042376,0.073061
2.373000144958496,-3.961276,-0.912501,-12.615761,0.35599,0.042376,0.073061
2.373000144958496,-3.961276,-0.912501,-12.615761,0.35599,0.042376,0.073061
2.373000144958496,-3.961276,-0.912501,-12.615761,0.35599,0.042376,0.073061
2.373000144958496,-3.961276,-0.912501,-12.615761,0.35599,0.042376,0.073061
2.373000144958496,-3.961276,-0.912501,-12.615761,0.35599,0.042376,0.073061
2.373000144958496,-3.961276,-0.912501,-12.615761,0.35599,0.042376,0.073061
2.373000144958496,-3.961276,-0.912501,-12.615761,0.35599,0.042376,0.073061
2.373000144958496,-3.961276,-0.912501,-12.615761,0.35599,0.042376,0.073061
2.373000144958496,-3.961276,-0.912501,-12.615761,0.35599,0.042376,0.073061
2.373000144958496,-3.961276,-0.912501,-12.615761,0.35599,0.042376,0.073061
2.373000144958496,-3.961276,-0.912501,-12.615761,0.35599,0.042376,0.073061
2.373000144958496,-3.961276,-0.912501,-12.615761,0.35599,0.042376,0.073061
2.373000144958496,-3.961276,-0.912501,-12.615761,0.35599,0.042376,0.073061
2.373000144958496,-3.961276,-0.912501,-12.615761,0.35599,0.042376,0.073061
2.373000144958496,-3.961276,-0.912501,-12.615761,0.35599,0.042376,0.073061
2.373000144958496,-3.961276,-0.912501,-12.615761,0.35599,0.042376,0.073061
2.373000144958496,-3.961276,-0.912501,-12.615761,0.35599,0.042376,0.073061
2.373000144958496,-3.961276,-0.912501,-12.615761,0.35599,0.042376,0.073061
2.373000144958496,-3.961276,-0.912501,-12.615761,0.35599,0.042376,0.073061
2.373000144958496,-3.961276,-0.912501,-12.615761,0.35599,0.042376,0.073061
2.373000144958496,-3.961276,-0.912501,-12.615761,0.35599,0.042376,0.073061
2.373000144958496,-3.961276,-0.912501,-12.615761,0.35599,0.042376,0.073061
2.373000144958496,-3.961276,-0.912501,-12.615761,0.35599,0.042376,0.073061
2.373000144958496,-3.961276,-0.912501,-12.615761,0.35599,0.042376,0.073061
2.373000144958496,-3.961276,-0.912501,-12.615761,0.35599,0.042376,0.073061
2.373000144958496,-3.961276,-0.912501,-12.615761,0.35599,0.042376,0.073061
2.373000144958496,-3.961276,-0.912501,-12.615761,0.35599,0.042376,0.073061
2.373000144958496,-3.961276,-0.912501,-12.615761,0.35599,0.042376,0.073061
2.373000144958496,-3.961276,-0.912501,-12.615761,0.35599,0.042376,0.073061
2.373000144958496,-3.961276,-0.912501,-12.615761,0.35599,0.042376,0.073061
2.373000144958496,-3.961276,-0.912501,-12.615761,0.35599,0.042376,0.073061
2.373000144958496,-3.961276,-0.912501,-12.615761,0.35599,0.042376,0.073061
2.373000144958496,-3.961276,-0.912501,-12.615761,0.35599,0.042376,0.073061
2.373000144958496,-3.961276,-0.912501,-12.615761,0.35599,0.042376,0.073061
2.373000144958496,-3.961276,-0.912501,-12.615761,0.35599,0.042376,0.073061
2.373000144958496,-3.961276,-0.912501,-12.615761,0.35599,0.042376,0.073061
2.373000144958496,-3.961276,-0.912501,-12.615761,0.35599,0.042376,0.073061
2.373000144958496,-3.961276,-0.912501,-12.615761,0.35599,0.042376,0.073061
2.373000144958496,-3.961276,-0.912501,-12.615761,0.35599,0.042376,0.073061
2.373000144958496,-3.961276,-0.912501,-12.615761,0.35599,0.042376,0.073061
2.373000144958496,-3.961276,-0.912501,-12.615761,0.35599,0.042376,0.073061
2.373000144958496,-3.961276,-0.912501,-12.615761,0.35599,0.042376,0.073061
2.373000144958496,-3.961276,-0.912501,-12.615761,0.35599,0.042376,0.073061
2.373000144958496,-3.961276,-0.912501,-12.615761,0.35599,0.042376,0.073061
2.373000144958496,-3.961276,-0.912501,-12.615761,0.35599,0.042376,0.073061
2.373000144958496,-3.961276,-0.912501,-12.615761,0.35599,0.042376,0.073061
2.373000144958496,-3.961276,-0.912501,-12.615761,0.35599,0.042376,0.073061
2.373000144958496,-3.961276,-0.912501,-12.615761,0.35599,0.042376,0.073061
2.373000144958496,-3.961276,-0.912501,-12.615761,0.35599,0.042376,0.073061
2.373000144958496,-3.961276,-0.912501,-12.615761,0.35599,0.042376,0.073061
2.373000144958496,-3.961276,-0.912501,-12.615761,0.35599,0.042376,0.073061
2.373000144958496,-3.961276,-0.912501,-12.615761,0.35599,0.042376,0.073061
2.373000144958496,-3.961276,-0.912501,-12.615761,0.35599,0.042376,0.073061
2.373000144958496,-3.961276,-0.912501,-12.615761,0.35599,0.042376,0.073061
2.373000144958496,-3.961276,-0.912501,-12.615761,0.35599,0.042376,0.073061
2.373000144958496,-3.961276,-0.912501,-12.615761,0.35599,0.042376,0.073061
2.373000144958496,-3.961276,-0.912501,-12.615761,0.35599,0.042376,0.073061
2.373000144958496,-3.961276,-0.912501,-12.615761,0.35599,0.042376,0.073061
2.373000144958496,-3.961276,-0.912501,-12.615761,0.35599,0.042376,0.073061
2.373000144958496,-3.961276,-0.912501,-12.615761,0.35599,0.042376,0.073061
2.373000144958496,-3.961276,-0.912501,-12.615761,0.35599,0.042376,0.073061
2.373000144958496,-3.961276,-0.912501,-12.615761,0.35599,0.042376,0.073061
2.373000144958496,-3.961276,-0.912501,-12.615761,0.35599,0.042376,0.073061
2.373000144958496,-3.961276,-0.912501,-12.615761,0.35599,0.042376,0.073061
2.373000144958496,-3.961276,-0.912501,-12.615761,0.35599,0.042376,0.073061
2.373000144958496,-3.961276,-0.912501,-12.615761,0.35599,0.042376,0.073061
2.373000144958496,-3.961276,-0.912501,-12.615761,0.35599,0.042376,0.073061
2.373000144958496,-3.961276,-0.912501,-12.615761,0.35599,0.042376,0.073061
2.373000144958496,-3.961276,-0.912501,-12.615761,0.35599,0.042376,0.073061
2.373000144958496,-3.961276,-0.912501,-12.615761,0.35599,0.042376,0.073061
2.373000144958496,-3.961276,-0.912501,-12.615761,0.35599,0.042376,0.073061
2.373000144958496,-3.961276,-0.912501,-12.615761,0.35599,0.042376,0.073061
2.373000144958496,-3.961276,-0.912501,-12.615761,0.35599,0.042376,0.073061
2.373000144958496,-3.961276,-0.912501,-12.615761,0.35599,0.042376,0.073061
2.373000144958496,-3.961276,-0.912501,-12.615761,0.35599,0.042376,0.073061
2.373000144958496,-3.961276,-0.912501,-12.615761,0.35599,0.042376,0.073061
2.373000144958496,-3.961276,-0.912501,-12.615761,0.35599,0.042376,0.073061
2.373000144958496,-3.961276,-0.912501,-12.615761,0.35599,0.042376,0.073061
2.373000144958496,-3.961276,-0.912501,-12.615761,0.35599,0.042376,0.073061
2.373000144958496,-3.961276,-0.912501,-12.615761,0.35599,0.042376,0.073061
2.373000144958496,-3.961276,-0.912501,-12.615761,0.35599,0.042376,0.073061
2.373000144958496,-3.961276,-0.912501,-12.615761,0.35599,0.042376,0.073061
2.373000144958496,-3.961276,-0.912501,-12.615761,0.35599,0.042376,0.073061
2.373000144958496,-3.961276,-0.912501,-12.615761,0.35599,0.042376,0.073061
2.373000144958496,-3.961276,-0.912501,-12.615761,0.35599,0.042376,0.073061
2.373000144958496,-3.961276,-0.912501,-12.615761,0.35599,0.042376,0.073061
2.373000144958496,-3.961276,-0.912501,-12.615761,0.35599,0.042376,0.073061
2.373000144958496,-3.961276,-0.912501,-12.615761,0.35599,0.042376,0.073061
2.373000144958496,-3.961276,-0.912501,-12.615761,0.35599,0.042376,0.073061
2.373000144958496,-3.961276,-0.912501,-12.615761,0.35599,0.042376,0.073061
2.373000144958496,-3.961276,-0.912501,-12.615761,0.35599,0.042376,0.073061
2.373000144958496,-3.961276,-0.912501,-12.615761,0.35599,0.042376,0.073061
2.373000144958496,-3.961276,-0.912501,-12.615761,0.35599,0.042376,0.073061
2.373000144958496,-3.961276,-0.912501,-12.615761,0.35599,0.042376,0.073061
2.373000144958496,-3.961276,-0.912501,-12.615761,0.35599,0.042376,0.073061
2.373000144958496,-3.961276,-0.912501,-12.615761,0.35599,0.042376,0.073061
2.373000144958496,-3.961276,-0.912501,-12.615761,0.35599,0.042376,0.073061
2.373000144958496,-3.961276,-0.912501,-12.615761,0.35599,0.042376,0.073061
2.373000144958496,-3.961276,-0.912501,-12.615761,0.35599,0.042376,0.073061
2.373000144958496,-3.961276,-0.912501,-12.615761,0.35599,0.042376,0.073061
2.373000144958496,-3.961276,-0.912501,-12.615761,0.35599,0.042376,0.073061
2.373000144958496,-3.961276,-0.912501,-12.615761,0.35599,0.042376,0.073061
2.373000144958496,-3.961276,-0.912501,-12.615761,0.35599,0.042376,0.073061
2.373000144958496,-3.961276,-0.912501,-12.615761,0.35599,0.042376,0.073061
2.373000144958496,-3.961276,-0.912501,-12.615761,0.35599,0.042376,0.073061
2.373000144958496,-3.961276,-0.912501,-12.615761,0.35599,0.042376,0.073061
2.373000144958496,-3.961276,-0.912501,-12.615761,0.35599,0.042376,0.073061
2.373000144958496,-3.961276,-0.912501,-12.615761,0.35599,0.042376,0.073061
2.373000144958496,-3.961276,-0.912501,-12.615761,0.35599,0.042376,0.073061
2.373000144958496,-3.961276,-0.912501,-12.615761,0.35599,0.042376,0.073061
2.373000144958496,-3.961276,-0.912501,-12.615761,0.35599,0.042376,0.073061
2.373000144958496,-3.961276,-0.912501,-12.615761,0.35599,0.042376,0.073061
2.373000144958496,-3.961276,-0.912501,-12.615761,0.35599,0.042376,0.073061
2.373000144958496,-3.961276,-0.912501,-12.615761,0.35599,0.042376,0.073061
2.373000144958496,-3.961276,-0.912501,-12.615761,0.35599,0.042376,0.073061
2.373000144958496,-3.961276,-0.912501,-12.615761,0.35599,0.042376,0.073061
2.373000144958496,-3.961276,-0.912501,-12.615761,0.35599,0.042376,0.073061
2.373000144958496,-3.961276,-0.912501,-12.615761,0.35599,0.042376,0.073061
2.373000144958496,-3.961276,-0.912501,-12.615761,0.35599,0.042376,0.073061
2.373000144958496,-3.961276,-0.912501,-12.615761,0.35599,0.042376,0.073061
2.373000144958496,-3.961276,-0.912501,-12.615761,0.35599,0.042376,0.073061
2.373000144958496,-3.961276,-0.912501,-12.615761,0.35599,0.042376,0.073061
2.373000144958496,-3.961276,-0.912501,-12.615761,0.35599,0.042376,0.073061
2.373000144958496,-3.961276,-0.912501,-12.615761,0.35599,0.042376,0.073061
2.373000144958496,-3.961276,-0.912501,-12.615761,0.35599,0.042376,0.073061
2.373000144958496,-3.961276,-0.912501,-12.615761,0.35599,0.042376,0.073061
2.373000144958496,-3.961276,-0.912501,-12.615761,0.35599,0.042376,0.073061
2.373000144958496,-3.961276,-0.912501,-12.615761,0.35599,0.042376,0.073061
2.373000144958496,-3.961276,-0.912501,-12.615761,0.35599,0.042376,0.073061
2.373000144958496,-3.961276,-0.912501,-12.615761,0.35599,0.042376,0.073061
2.373000144958496,-3.961276,-0.912501,-12.615761,0.35599,0.042376,0.073061
2.373000144958496,-3.961276,-0.912501,-12.615761,0.35599,0.042376,0.073061
2.373000144958496,-3.961276,-0.912501,-12.615761,0.35599,0.042376,0.073061
2.373000144958496,-3.961276,-0.912501,-12.615761,0.35599,0.042376,0.073061
2.373000144958496,-3.961276,-0.912501,-12.615761,0.35599,0.042376,0.073061
2.373000144958496,-3.961276,-0.912501,-12.615761,0.35599,0.042376,0.073061
2.373000144958496,-3.961276,-0.912501,-12.615761,0.35599,0.042376,0.073061
2.373000144958496,-3.961276,-0.912501,-12.615761,0.35599,0.042376,0.073061
2.373000144958496,-3.961276,-0.912501,-12.615761,0.35599,0.042376,0.073061
2.373000144958496,-3.961276,-0.912501,-12.615761,0.35599,0.042376,0.073061
2.373000144958496,-3.961276,-0.912501,-12.615761,0.35599,0.042376,0.073061
2.373000144958496,-3.961276,-0.912501,-12.615761,0.35599,0.042376,0.073061
2.373000144958496,-3.961276,-0.912501,-12.615761,0.35599,0.042376,0.073061
2.373000144958496,-3.961276,-0.912501,-12.615761,0.35599,0.042376,0.073061
2.373000144958496,-3.961276,-0.912501,-12.615761,0.35599,0.042376,0.073061
2.373000144958496,-3.961276,-0.912501,-12.615761,0.35599,0.042376,0.073061
2.373000144958496,-3.961276,-0.912501,-12.615761,0.35599,0.042376,0.073061
2.373000144958496,-3.961276,-0.912501,-12.615761,0.35599,0.042376,0.073061
2.373000144958496,-3.961276,-0.912501,-12.615761,0.35599,0.042376,0.073061
2.373000144958496,-3.961276,-0.912501,-12.615761,0.35599,0.042376,0.073061
2.373000144958496,-3.961276,-0.912501,-12.615761,0.35599,0.042376,0.073061
2.373000144958496,-3.961276,-0.912501,-12.615761,0.35599,0.042376,0.073061
2.373000144958496,-3.961276,-0.912501,-12.615761,0.35599,0.042376,0.073061
2.373000144958496,-3.961276,-0.912501,-12.615761,0.35599,0.042376,0.073061
2.373000144958496,-3.961276,-0.912501,-12.615761,0.35599,0.042376,0.073061
2.373000144958496,-3.961276,-0.912501,-12.615761,0.35599,0.042376,0.073061
2.373000144958496,-3.961276,-0.912501,-12.615761,0.35599,0.042376,0.073061
2.373000144958496,-3.961276,-0.912501,-12.615761,0.35599,0.042376,0.073061
2.373000144958496,-3.961276,-0.912501,-12.615761,0.35599,0.042376,0.073061
2.373000144958496,-3.961276,-0.912501,-12.615761,0.35599,0.042376,0.073061
2.373000144958496,-3.961276,-0.912501,-12.615761,0.35599,0.042376,0.073061
2.373000144958496,-3.961276,-0.912501,-12.615761,0.35599,0.042376,0.073061
2.373000144958496,-3.961276,-0.912501,-12.615761,0.35599,0.042376,0.073061
2.373000144958496,-3.961276,-0.912501,-12.615761,0.35599,0.042376,0.073061
2.373000144958496,-3.961276,-0.912501,-12.615761,0.35599,0.042376,0.073061
2.373000144958496,-3.961276,-0.912501,-12.615761,0.35599,0.042376,0.073061
2.373000144958496,-3.961276,-0.912501,-12.615761,0.35599,0.042376,0.073061
2.373000144958496,-3.961276,-0.912501,-12.615761,0.35599,0.042376,0.073061
2.373000144958496,-3.961276,-0.912501,-12.615761,0.35599,0.042376,0.073061
2.373000144958496,-3.961276,-0.912501,-12.615761,0.35599,0.042376,0.073061
2.373000144958496,-3.961276,-0.912501,-12.615761,0.35599,0.042376,0.073061
2.373000144958496,-3.961276,-0.912501,-12.615761,0.35599,0.042376,0.073061
2.373000144958496,-3.961276,-0.912501,-12.615761,0.35599,0.042376,0.073061
2.373000144958496,-3.961276,-0.912501,-12.615761,0.35599,0.042376,0.073061
2.373000144958496,-3.961276,-0.912501,-12.615761,0.35599,0.042376,0.073061
2.373000144958496,-3.961276,-0.912501,-12.615761,0.35599,0.042376,0.073061
2.373000144958496,-3.961276,-0.912501,-12.615761,0.35599,0.042376,0.073061
2.373000144958496,-3.961276,-0.912501,-12.615761,0.35599,0.042376,0.073061
2.373000144958496,-3.961276,-0.912501,-12.615761,0.35599,0.042376,0.073061
2.373000144958496,-3.961276,-0.912501,-12.615761,0.35599,0.042376,0.073061
2.373000144958496,-3.961276,-0.912501,-12.615761,0.35599,0.042376,0.073061
2.373000144958496,-3.961276,-0.912501,-12.615761,0.35599,0.042376,0.073061
2.373000144958496,-3.961276,-0.912501,-12.615761,0.35599,0.042376,0.073061
2.373000144958496,-3.961276,-0.912501,-12.615761,0.35599,0.042376,0.073061
2.373000144958496,-3.961276,-0.912501,-12.615761,0.35599,0.042376,0.073061
2.373000144958496,-3.961276,-0.912501,-12.615761,0.35599,0.042376,0.073061
2.373000144958496,-3.961276,-0.912501,-12.615761,0.35599,0.042376,0.073061
2.373000144958496,-3.961276,-0.912501,-12.615761,0.35599,0.042376,0.073061
2.373000144958496,-3.961276,-0.912501,-12.615761,0.35599,0.042376,0.073061
2.373000144958496,-3.961276,-0.912501,-12.615761,0.35599,0.042376,0.073061
2.373000144958496,-3.961276,-0.912501,-12.615761,0.35599,0.042376,0.073061
2.373000144958496,-3.961276,-0.912501,-12.615761,0.35599,0.042376,0.073061
2.373000144958496,-3.961276,-0.912501,-12.615761,0.35599,0.042376,0.073061
2.373000144958496,-3.961276,-0.912501,-12.615761,0.35599,0.042376,0.073061
2.373000144958496,-3.961276,-0.912501,-12.615761,0.35599,0.042376,0.073061
2.373000144958496,-3.961276,-0.912501,-12.615761,0.35599,0.042376,0.073061
2.373000144958496,-3.961276,-0.912501,-12.615761,0.35599,0.042376,0.073061
2.373000144958496,-3.961276,-0.912501,-12.615761,0.35599,0.042376,0.073061
2.373000144958496,-3.961276,-0.912501,-12.615761,0.35599,0.042376,0.073061
2.373000144958496,-3.961276,-0.912501,-12.615761,0.35599,0.042376,0.073061
2.373000144958496,-3.961276,-0.912501,-12.615761,0.35599,0.042376,0.073061
2.373000144958496,-3.961276,-0.912501,-12.615761,0.35599,0.042376,0.073061
2.373000144958496,-3.961276,-0.912501,-12.615761,0.35599,0.042376,0.073061
2.373000144958496,-3.961276,-0.912501,-12.615761,0.35599,0.042376,0.073061
2.373000144958496,-3.961276,-0.912501,-12.615761,0.35599,0.042376,0.073061
2.373000144958496,-3.961276,-0.912501,-12.615761,0.35599,0.042376,0.073061
2.373000144958496,-3.961276,-0.912501,-12.615761,0.35599,0.042376,0.073061
2.373000144958496,-3.961276,-0.912501,-12.615761,0.35599,0.042376,0.073061
2.373000144958496,-3.961276,-0.912501,-12.615761,0.35599,0.042376,0.073061
2.373000144958496,-3.961276,-0.912501,-12.615761,0.35599,0.042376,0.073061
2.373000144958496,-3.961276,-0.912501,-12.615761,0.35599,0.042376,0.073061
2.373000144958496,-3.961276,-0.912501,-12.615761,0.35599,0.042376,0.073061
2.373000144958496,-3.961276,-0.912501,-12.615761,0.35599,0.042376,0.073061
2.373000144958496,-3.961276,-0.912501,-12.615761,0.35599,0.042376,0.073061
2.373000144958496,-3.961276,-0.912501,-12.615761,0.35599,0.042376,0.073061
2.373000144958496,-3.961276,-0.912501,-12.615761,0.35599,0.042376,0.073061
2.373000144958496,-3.961276,-0.912501,-12.615761,0.35599,0.042376,0.073061
2.373000144958496,-3.961276,-0.912501,-12.615761,0.35599,0.042376,0.073061
2.373000144958496,-3.961276,-0.912501,-12.615761,0.35599,0.042376,0.073061
2.373000144958496,-3.961276,-0.912501,-12.615761,0.35599,0.042376,0.073061
2.373000144958496,-3.961276,-0.912501,-12.615761,0.35599,0.042376,0.073061
2.373000144958496,-3.961276,-0.912501,-12.615761,0.35599,0.042376,0.073061
2.373000144958496,-3.961276,-0.912501,-12.615761,0.35599,0.042376,0.073061
2.373000144958496,-3.961276,-0.912501,-12.615761,0.35599,0.042376,0.073061
2.373000144958496,-3.961276,-0.912501,-12.615761,0.35599,0.042376,0.073061
2.373000144958496,-3.961276,-0.912501,-12.615761,0.35599,0.042376,0.073061
2.373000144958496,-3.961276,-0.912501,-12.615761,0.35599,0.042376,0.073061
2.373000144958496,-3.961276,-0.912501,-12.615761,0.35599,0.042376,0.073061
2.373000144958496,-3.961276,-0.912501,-12.615761,0.35599,0.042376,0.073061
2.373000144958496,-3.961276,-0.912501,-12.615761,0.35599,0.042376,0.073061
2.373000144958496,-3.961276,-0.912501,-12.615761,0.35599,0.042376,0.073061
2.373000144958496,-3.961276,-0.912501,-12.615761,0.35599,0.042376,0.073061
2.373000144958496,-3.961276,-0.912501,-12.615761,0.35599,0.042376,0.073061
2.373000144958496,-3.961276,-0.912501,-12.615761,0.35599,0.042376,0.073061
2.373000144958496,-3.961276,-0.912501,-12.615761,0.35599,0.042376,0.073061
2.373000144958496,-3.961276,-0.912501,-12.615761,0.35599,0.042376,0.073061
2.373000144958496,-3.961276,-0.912501,-12.615761,0.35599,0.042376,0.073061
2.373000144958496,-3.961276,-0.912501,-12.615761,0.35599,0.042376,0.073061
2.373000144958496,-3.961276,-0.912501,-12.615761,0.35599,0.042376,0.073061
2.373000144958496,-3.961276,-0.912501,-12.615761,0.35599,0.042376,0.073061
2.373000144958496,-3.961276,-0.912501,-12.615761,0.35599,0.042376,0.073061
2.373000144958496,-3.961276,-0.912501,-12.615761,0.35599,0.042376,0.073061
2.373000144958496,-3.961276,-0.912501,-12.615761,0.35599,0.042376,0.073061
2.373000144958496,-3.961276,-0.912501,-12.615761,0.35599,0.042376,0.073061
2.373000144958496,-3.961276,-0.912501,-12.615761,0.35599,0.042376,0.073061
2.373000144958496,-3.961276,-0.912501,-12.615761,0.35599,0.042376,0.073061
2.373000144958496,-3.961276,-0.912501,-12.615761,0.35599,0.042376,0.073061
2.373000144958496,-3.961276,-0.912501,-12.615761,0.35599,0.042376,0.073061
2.373000144958496,-3.961276,-0.912501,-12.615761,0.35599,0.042376,0.073061
2.373000144958496,-3.961276,-0.912501,-12.615761,0.35599,0.042376,0.073061
2.373000144958496,-3.961276,-0.912501,-12.615761,0.35599,0.042376,0.073061
2.373000144958496,-3.961276,-0.912501,-12.615761,0.35599,0.042376,0.073061
2.373000144958496,-3.961276,-0.912501,-12.615761,0.35599,0.042376,0.073061
2.373000144958496,-3.961276,-0.912501,-12.615761,0.35599,0.042376,0.073061
2.373000144958496,-3.961276,-0.912501,-12.615761,0.35599,0.042376,0.073061
2.373000144958496,-3.961276,-0.912501,-12.615761,0.35599,0.042376,0.073061
2.373000144958496,-3.961276,-0.912501,-12.615761,0.35599,0.042376,0.073061
2.373000144958496,-3.961276,-0.912501,-12.615761,0.35599,0.042376,0.073061
2.373000144958496,-3.961276,-0.912501,-12.615761,0.35599,0.042376,0.073061
2.373000144958496,-3.961276,-0.912501,-12.615761,0.35599,0.042376,0.073061
2.373000144958496,-3.961276,-0.912501,-12.615761,0.35599,0.042376,0.073061
2.373000144958496,-3.961276,-0.912501,-12.615761,0.35599,0.042376,0.073061
2.373000144958496,-3.961276,-0.912501,-12.615761,0.35599,0.042376,0.073061
2.373000144958496,-3.961276,-0.912501,-12.615761,0.35599,0.042376,0.073061
2.373000144958496,-3.961276,-0.912501,-12.615761,0.35599,0.042376,0.073061
2.373000144958496,-3.961276,-0.912501,-12.615761,0.35599,0.042376,0.073061
2.373000144958496,-3.961276,-0.912501,-12.615761,0.35599,0.042376,0.073061
2.373000144958496,-3.961276,-0.912501,-12.615761,0.35599,0.042376,0.073061
2.373000144958496,-3.961276,-0.912501,-12.615761,0.35599,0.042376,0.073061
2.373000144958496,-3.961276,-0.912501,-12.615761,0.35599,0.042376,0.073061
2.373000144958496,-3.961276,-0.912501,-12.615761,0.35599,0.042376,0.073061
2.373000144958496,-3.961276,-0.912501,-12.615761,0.35599,0.042376,0.073061
2.373000144958496,-3.961276,-0.912501,-12.615761,0.35599,0.042376,0.073061
2.373000144958496,-3.961276,-0.912501,-12.615761,0.35599,0.042376,0.073061
2.373000144958496,-3.961276,-0.912501,-12.615761,0.35599,0.042376,0.073061
2.373000144958496,-3.961276,-0.912501,-12.615761,0.35599,0.042376,0.073061
2.373000144958496,-3.961276,-0.912501,-12.615761,0.35599,0.042376,0.073061
2.373000144958496,-3.961276,-0.912501,-12.615761,0.35599,0.042376,0.073061
2.373000144958496,-3.961276,-0.912501,-12.615761,0.35599,0.042376,0.073061
2.373000144958496,-3.961276,-0.912501,-12.615761,0.35599,0.042376,0.073061
2.373000144958496,-3.961276,-0.912501,-12.615761,0.35599,0.042376,0.073061
2.373000144958496,-3.961276,-0.912501,-12.615761,0.35599,0.042376,0.073061
2.373000144958496,-3.961276,-0.912501,-12.615761,0.35599,0.042376,0.073061
2.373000144958496,-3.961276,-0.912501,-12.615761,0.35599,0.042376,0.073061
2.373000144958496,-3.961276,-0.912501,-12.615761,0.35599,0.042376,0.073061
2.373000144958496,-3.961276,-0.912501,-12.615761,0.35599,0.042376,0.073061
2.373000144958496,-3.961276,-0.912501,-12.615761,0.35599,0.042376,0.073061
2.373000144958496,-3.961276,-0.912501,-12.615761,0.35599,0.042376,0.073061
2.373000144958496,-3.961276,-0.912501,-12.615761,0.35599,0.042376,0.073061
2.373000144958496,-3.961276,-0.912501,-12.615761,0.35599,0.042376,0.073061
2.373000144958496,-3.961276,-0.912501,-12.615761,0.35599,0.042376,0.073061
2.373000144958496,-3.961276,-0.912501,-12.615761,0.35599,0.042376,0.073061
2.373000144958496,-3.961276,-0.912501,-12.615761,0.35599,0.042376,0.073061
2.373000144958496,-3.961276,-0.912501,-12.615761,0.35599,0.042376,0.073061
2.373000144958496,-3.961276,-0.912501,-12.615761,0.35599,0.042376,0.073061
2.373000144958496,-3.961276,-0.912501,-12.615761,0.35599,0.042376,0.073061
2.373000144958496,-3.961276,-0.912501,-12.615761,0.35599,0.042376,0.073061
2.373000144958496,-3.961276,-0.912501,-12.615761,0.35599,0.042376,0.073061
2.373000144958496,-3.961276,-0.912501,-12.615761,0.35599,0.042376,0.073061
2.373000144958496,-3.961276,-0.912501,-12.615761,0.35599,0.042376,0.073061
2.373000144958496,-3.961276,-0.912501,-12.615761,0.35599,0.042376,0.073061
2.373000144958496,-3.961276,-0.912501,-12.615761,0.35599,0.042376,0.073061
2.373000144958496,-3.961276,-0.912501,-12.615761,0.35599,0.042376,0.073061
2.373000144958496,-3.961276,-0.912501,-12.615761,0.35599,0.042376,0.073061
2.373000144958496,-3.961276,-0.912501,-12.615761,0.35599,0.042376,0.073061
2.373000144958496,-3.961276,-0.912501,-12.615761,0.35599,0.042376,0.073061
2.373000144958496,-3.961276,-0.912501,-12.615761,0.35599,0.042376,0.073061
2.373000144958496,-3.961276,-0.912501,-12.615761,0.35599,0.042376,0.073061
2.373000144958496,-3.961276,-0.912501,-12.615761,0.35599,0.042376,0.073061
2.373000144958496,-3.961276,-0.912501,-12.615761,0.35599,0.042376,0.073061
2.373000144958496,-3.961276,-0.912501,-12.615761,0.35599,0.042376,0.073061
2.373000144958496,-3.961276,-0.912501,-12.615761,0.35599,0.042376,0.073061
2.373000144958496,-3.961276,-0.912501,-12.615761,0.35599,0.042376,0.073061
2.373000144958496,-3.961276,-0.912501,-12.615761,0.35599,0.042376,0.073061
2.373000144958496,-3.961276,-0.912501,-12.615761,0.35599,0.042376,0.073061
2.373000144958496,-3.961276,-0.912501,-12.615761,0.35599,0.042376,0.073061
2.373000144958496,-3.961276,-0.912501,-12.615761,0.35599,0.042376,0.073061
2.373000144958496,-3.961276,-0.912501,-12.615761,0.35599,0.042376,0.073061
2.373000144958496,-3.961276,-0.912501,-12.615761,0.35599,0.042376,0.073061
2.373000144958496,-3.961276,-0.912501,-12.615761,0.35599,0.042376,0.073061
2.373000144958496,-3.961276,-0.912501,-12.615761,0.35599,0.042376,0.073061
2.373000144958496,-3.961276,-0.912501,-12.615761,0.35599,0.042376,0.073061
2.373000144958496,-3.961276,-0.912501,-12.615761,0.35599,0.042376,0.073061
2.373000144958496,-3.961276,-0.912501,-12.615761,0.35599,0.042376,0.073061
2.373000144958496,-3.961276,-0.912501,-12.615761,0.35599,0.042376,0.073061
2.373000144958496,-3.961276,-0.912501,-12.615761,0.35599,0.042376,0.073061
2.373000144958496,-3.961276,-0.912501,-12.615761,0.35599,0.042376,0.073061
2.373000144958496,-3.961276,-0.912501,-12.615761,0.35599,0.042376,0.073061
2.373000144958496,-3.961276,-0.912501,-12.615761,0.35599,0.042376,0.073061
2.373000144958496,-3.961276,-0.912501,-12.615761,0.35599,0.042376,0.073061
2.373000144958496,-3.961276,-0.912501,-12.615761,0.35599,0.042376,0.073061
2.373000144958496,-3.961276,-0.912501,-12.615761,0.35599,0.042376,0.073061
2.373000144958496,-3.961276,-0.912501,-12.615761,0.35599,0.042376,0.073061
2.373000144958496,-3.961276,-0.912501,-12.615761,0.35599,0.042376,0.073061
2.373000144958496,-3.961276,-0.912501,-12.615761,0.35599,0.042376,0.073061
2.373000144958496,-3.961276,-0.912501,-12.615761,0.35599,0.042376,0.073061
2.373000144958496,-3.961276,-0.912501,-12.615761,0.35599,0.042376,0.073061
2.373000144958496,-3.961276,-0.912501,-12.615761,0.35599,0.042376,0.073061
2.373000144958496,-3.961276,-0.912501,-12.615761,0.35599,0.042376,0.073061
2.373000144958496,-3.961276,-0.912501,-12.615761,0.35599,0.042376,0.073061
2.373000144958496,-3.961276,-0.912501,-12.615761,0.35599,0.042376,0.073061
2.373000144958496,-3.961276,-0.912501,-12.615761,0.35599,0.042376,0.073061
2.373000144958496,-3.961276,-0.912501,-12.615761,0.35599,0.042376,0.073061
2.373000144958496,-3.961276,-0.912501,-12.615761,0.35599,0.042376,0.073061
2.373000144958496,-3.961276,-0.912501,-12.615761,0.35599,0.042376,0.073061
2.373000144958496,-3.961276,-0.912501,-12.615761,0.35599,0.042376,0.073061
2.373000144958496,-3.961276,-0.912501,-12.615761,0.35599,0.042376,0.073061
2.373000144958496,-3.961276,-0.912501,-12.615761,0.35599,0.042376,0.073061
2.373000144958496,-3.961276,-0.912501,-12.615761,0.35599,0.042376,0.073061
2.373000144958496,-3.961276,-0.912501,-12.615761,0.35599,0.042376,0.073061
2.373000144958496,-3.961276,-0.912501,-12.615761,0.35599,0.042376,0.073061
2.373000144958496,-3.961276,-0.912501,-12.615761,0.35599,0.042376,0.073061
2.373000144958496,-3.961276,-0.912501,-12.615761,0.35599,0.042376,0.073061
2.373000144958496,-3.961276,-0.912501,-12.615761,0.35599,0.042376,0.073061
2.373000144958496,-3.961276,-0.912501,-12.615761,0.35599,0.042376,0.073061
2.373000144958496,-3.961276,-0.912501,-12.615761,0.35599,0.042376,0.073061
2.373000144958496,-3.961276,-0.912501,-12.615761,0.35599,0.042376,0.073061
2.373000144958496,-3.961276,-0.912501,-12.615761,0.35599,0.042376,0.073061
2.373000144958496,-3.961276,-0.912501,-12.615761,0.35599,0.042376,0.073061
2.373000144958496,-3.961276,-0.912501,-12.615761,0.35599,0.042376,0.073061
2.373000144958496,-3.961276,-0.912501,-12.615761,0.35599,0.042376,0.073061
2.373000144958496,-3.961276,-0.912501,-12.615761,0.35599,0.042376,0.073061
2.373000144958496,-3.961276,-0.912501,-12.615761,0.35599,0.042376,0.073061
2.373000144958496,-3.961276,-0.912501,-12.615761,0.35599,0.042376,0.073061
2.373000144958496,-3.961276,-0.912501,-12.615761,0.35599,0.042376,0.073061
2.373000144958496,-3.961276,-0.912501,-12.615761,0.35599,0.042376,0.073061
2.373000144958496,-3.961276,-0.912501,-12.615761,0.35599,0.042376,0.073061
2.373000144958496,-3.961276,-0.912501,-12.615761,0.35599,0.042376,0.073061
2.373000144958496,-3.961276,-0.912501,-12.615761,0.35599,0.042376,0.073061
2.373000144958496,-3.961276,-0.912501,-12.615761,0.35599,0.042376,0.073061
2.373000144958496,-3.961276,-0.912501,-12.615761,0.35599,0.042376,0.073061
2.373000144958496,-3.961276,-0.912501,-12.615761,0.35599,0.042376,0.073061
2.373000144958496,-3.961276,-0.912501,-12.615761,0.35599,0.042376,0.073061
2.373000144958496,-3.961276,-0.912501,-12.615761,0.35599,0.042376,0.073061
2.373000144958496,-3.961276,-0.912501,-12.615761,0.35599,0.042376,0.073061
2.373000144958496,-3.961276,-0.912501,-12.615761,0.35599,0.042376,0.073061
2.373000144958496,-3.961276,-0.912501,-12.615761,0.35599,0.042376,0.073061
2.373000144958496,-3.961276,-0.912501,-12.615761,0.35599,0.042376,0.073061
2.373000144958496,-3.961276,-0.912501,-12.615761,0.35599,0.042376,0.073061
2.373000144958496,-3.961276,-0.912501,-12.615761,0.35599,0.042376,0.073061
2.373000144958496,-3.961276,-0.912501,-12.615761,0.35599,0.042376,0.073061
2.373000144958496,-3.961276,-0.912501,-12.615761,0.35599,0.042376,0.073061
2.373000144958496,-3.961276,-0.912501,-12.615761,0.35599,0.042376,0.073061
2.373000144958496,-3.961276,-0.912501,-12.615761,0.35599,0.042376,0.073061
2.373000144958496,-3.961276,-0.912501,-12.615761,0.35599,0.042376,0.073061
2.373000144958496,-3.961276,-0.912501,-12.615761,0.35599,0.042376,0.073061
2.373000144958496,-3.961276,-0.912501,-12.615761,0.35599,0.042376,0.073061
2.373000144958496,-3.961276,-0.912501,-12.615761,0.35599,0.042376,0.073061
2.373000144958496,-3.961276,-0.912501,-12.615761,0.35599,0.042376,0.073061
2.373000144958496,-3.961276,-0.912501,-12.615761,0.35599,0.042376,0.073061
2.373000144958496,-3.961276,-0.912501,-12.615761,0.35599,0.042376,0.073061
2.373000144958496,-3.961276,-0.912501,-12.615761,0.35599,0.042376,0.073061
2.373000144958496,-3.961276,-0.912501,-12.615761,0.35599,0.042376,0.073061
2.373000144958496,-3.961276,-0.912501,-12.615761,0.35599,0.042376,0.073061
2.373000144958496,-3.961276,-0.912501,-12.615761,0.35599,0.042376,0.073061
2.373000144958496,-3.961276,-0.912501,-12.615761,0.35599,0.042376,0.073061
2.373000144958496,-3.961276,-0.912501,-12.615761,0.35599,0.042376,0.073061
2.373000144958496,-3.961276,-0.912501,-12.615761,0.35599,0.042376,0.073061
2.373000144958496,-3.961276,-0.912501,-12.615761,0.35599,0.042376,0.073061
2.373000144958496,-3.961276,-0.912501,-12.615761,0.35599,0.042376,0.073061
2.373000144958496,-3.961276,-0.912501,-12.615761,0.35599,0.042376,0.073061
2.373000144958496,-3.961276,-0.912501,-12.615761,0.35599,0.042376,0.073061
2.373000144958496,-3.961276,-0.912501,-12.615761,0.35599,0.042376,0.073061
2.373000144958496,-3.961276,-0.912501,-12.615761,0.35599,0.042376,0.073061
2.373000144958496,-3.961276,-0.912501,-12.615761,0.35599,0.042376,0.073061
2.373000144958496,-3.961276,-0.912501,-12.615761,0.35599,0.042376,0.073061
2.373000144958496,-3.961276,-0.912501,-12.615761,0.35599,0.042376,0.073061
2.373000144958496,-3.961276,-0.912501,-12.615761,0.35599,0.042376,0.073061
2.373000144958496,-3.961276,-0.912501,-12.615761,0.35599,0.042376,0.073061
2.373000144958496,-3.961276,-0.912501,-12.615761,0.35599,0.042376,0.073061
2.373000144958496,-3.961276,-0.912501,-12.615761,0.35599,0.042376,0.073061
2.373000144958496,-3.961276,-0.912501,-12.615761,0.35599,0.042376,0.073061
2.373000144958496,-3.961276,-0.912501,-12.615761,0.35599,0.042376,0.073061
2.373000144958496,-3.961276,-0.912501,-12.615761,0.35599,0.042376,0.073061
2.373000144958496,-3.961276,-0.912501,-12.615761,0.35599,0.042376,0.073061
2.373000144958496,-3.961276,-0.912501,-12.615761,0.35599,0.042376,0.073061
2.373000144958496,-3.961276,-0.912501,-12.615761,0.35599,0.042376,0.073061
2.373000144958496,-3.961276,-0.912501,-12.615761,0.35599,0.042376,0.073061
2.373000144958496,-3.961276,-0.912501,-12.615761,0.35599,0.042376,0.073061
2.373000144958496,-3.961276,-0.912501,-12.615761,0.35599,0.042376,0.073061
2.373000144958496,-3.961276,-0.912501,-12.615761,0.35599,0.042376,0.073061
2.373000144958496,-3.961276,-0.912501,-12.615761,0.35599,0.042376,0.073061
2.373000144958496,-3.961276,-0.912501,-12.615761,0.35599,0.042376,0.073061
2.373000144958496,-3.961276,-0.912501,-12.615761,0.35599,0.042376,0.073061
2.373000144958496,-3.961276,-0.912501,-12.615761,0.35599,0.042376,0.073061
2.373000144958496,-3.961276,-0.912501,-12.615761,0.35599,0.042376,0.073061
2.373000144958496,-3.961276,-0.912501,-12.615761,0.35599,0.042376,0.073061
2.373000144958496,-3.961276,-0.912501,-12.615761,0.35599,0.042376,0.073061
2.373000144958496,-3.961276,-0.912501,-12.615761,0.35599,0.042376,0.073061
2.373000144958496,-3.961276,-0.912501,-12.615761,0.35599,0.042376,0.073061
2.373000144958496,-3.961276,-0.912501,-12.615761,0.35599,0.042376,0.073061
2.373000144958496,-3.961276,-0.912501,-12.615761,0.35599,0.042376,0.073061
2.373000144958496,-3.961276,-0.912501,-12.615761,0.35599,0.042376,0.073061
2.373000144958496,-3.961276,-0.912501,-12.615761,0.35599,0.042376,0.073061
2.373000144958496,-3.961276,-0.912501,-12.615761,0.35599,0.042376,0.073061
2.373000144958496,-3.961276,-0.912501,-12.615761,0.35599,0.042376,0.073061
2.373000144958496,-3.961276,-0.912501,-12.615761,0.35599,0.042376,0.073061
2.373000144958496,-3.961276,-0.912501,-12.615761,0.35599,0.042376,0.073061
2.373000144958496,-3.961276,-0.912501,-12.615761,0.35599,0.042376,0.073061
2.373000144958496,-3.961276,-0.912501,-12.615761,0.35599,0.042376,0.073061
2.373000144958496,-3.961276,-0.912501,-12.615761,0.35599,0.042376,0.073061
2.373000144958496,-3.961276,-0.912501,-12.615761,0.35599,0.042376,0.073061
2.373000144958496,-3.961276,-0.912501,-12.615761,0.35599,0.042376,0.073061
2.373000144958496,-3.961276,-0.912501,-12.615761,0.35599,0.042376,0.073061
2.373000144958496,-3.961276,-0.912501,-12.615761,0.35599,0.042376,0.073061
2.373000144958496,-3.961276,-0.912501,-12.615761,0.35599,0.042376,0.073061
2.373000144958496,-3.961276,-0.912501,-12.615761,0.35599,0.042376,0.073061
2.373000144958496,-3.961276,-0.912501,-12.615761,0.35599,0.042376,0.073061
2.373000144958496,-3.961276,-0.912501,-12.615761,0.35599,0.042376,0.073061
2.373000144958496,-3.961276,-0.912501,-12.615761,0.35599,0.042376,0.073061
2.373000144958496,-3.961276,-0.912501,-12.615761,0.35599,0.042376,0.073061
2.373000144958496,-3.961276,-0.912501,-12.615761,0.35599,0.042376,0.073061
2.373000144958496,-3.961276,-0.912501,-12.615761,0.35599,0.042376,0.073061
2.373000144958496,-3.961276,-0.912501,-12.615761,0.35599,0.042376,0.073061
2.373000144958496,-3.961276,-0.912501,-12.615761,0.35599,0.042376,0.073061
2.373000144958496,-3.961276,-0.912501,-12.615761,0.35599,0.042376,0.073061
2.373000144958496,-3.961276,-0.912501,-12.615761,0.35599,0.042376,0.073061
2.373000144958496,-3.961276,-0.912501,-12.615761,0.35599,0.042376,0.073061
2.373000144958496,-3.961276,-0.912501,-12.615761,0.35599,0.042376,0.073061
2.373000144958496,-3.961276,-0.912501,-12.615761,0.35599,0.042376,0.073061
2.373000144958496,-3.961276,-0.912501,-12.615761,0.35599,0.042376,0.073061
2.373000144958496,-3.961276,-0.912501,-12.615761,0.35599,0.042376,0.073061
2.373000144958496,-3.961276,-0.912501,-12.615761,0.35599,0.042376,0.073061
2.373000144958496,-3.961276,-0.912501,-12.615761,0.35599,0.042376,0.073061
2.373000144958496,-3.961276,-0.912501,-12.615761,0.35599,0.042376,0.073061
2.373000144958496,-3.961276,-0.912501,-12.615761,0.35599,0.042376,0.073061
2.373000144958496,-3.961276,-0.912501,-12.615761,0.35599,0.042376,0.073061
2.373000144958496,-3.961276,-0.912501,-12.615761,0.35599,0.042376,0.073061
2.373000144958496,-3.961276,-0.912501,-12.615761,0.35599,0.042376,0.073061
2.373000144958496,-3.961276,-0.912501,-12.615761,0.35599,0.042376,0.073061
2.373000144958496,-3.961276,-0.912501,-12.615761,0.35599,0.042376,0.073061
2.373000144958496,-3.961276,-0.912501,-12.615761,0.35599,0.042376,0.073061
2.373000144958496,-3.961276,-0.912501,-12.615761,0.35599,0.042376,0.073061
2.373000144958496,-3.961276,-0.912501,-12.615761,0.35599,0.042376,0.073061
2.373000144958496,-3.961276,-0.912501,-12.615761,0.35599,0.042376,0.073061
2.373000144958496,-3.961276,-0.912501,-12.615761,0.35599,0.042376,0.073061
2.373000144958496,-3.961276,-0.912501,-12.615761,0.35599,0.042376,0.073061
2.373000144958496,-3.961276,-0.912501,-12.615761,0.35599,0.042376,0.073061
2.373000144958496,-3.961276,-0.912501,-12.615761,0.35599,0.042376,0.073061
2.373000144958496,-3.961276,-0.912501,-12.615761,0.35599,0.042376,0.073061
2.373000144958496,-3.961276,-0.912501,-12.615761,0.35599,0.042376,0.073061
2.373000144958496,-3.961276,-0.912501,-12.615761,0.35599,0.042376,0.073061
2.373000144958496,-3.961276,-0.912501,-12.615761,0.35599,0.042376,0.073061
2.373000144958496,-3.961276,-0.912501,-12.615761,0.35599,0.042376,0.073061
2.373000144958496,-3.961276,-0.912501,-12.615761,0.35599,0.042376,0.073061
2.373000144958496,-3.961276,-0.912501,-12.615761,0.35599,0.042376,0.073061
2.373000144958496,-3.961276,-0.912501,-12.615761,0.35599,0.042376,0.073061
2.373000144958496,-3.961276,-0.912501,-12.615761,0.35599,0.042376,0.073061
2.373000144958496,-3.961276,-0.912501,-12.615761,0.35599,0.042376,0.073061
2.373000144958496,-3.961276,-0.912501,-12.615761,0.35599,0.042376,0.073061
2.373000144958496,-3.961276,-0.912501,-12.615761,0.35599,0.042376,0.073061
2.373000144958496,-3.961276,-0.912501,-12.615761,0.35599,0.042376,0.073061
2.373000144958496,-3.961276,-0.912501,-12.615761,0.35599,0.042376,0.073061
2.373000144958496,-3.961276,-0.912501,-12.615761,0.35599,0.042376,0.073061
2.373000144958496,-3.961276,-0.912501,-12.615761,0.35599,0.042376,0.073061
2.373000144958496,-3.961276,-0.912501,-12.615761,0.35599,0.042376,0.073061
2.373000144958496,-3.961276,-0.912501,-12.615761,0.35599,0.042376,0.073061
2.373000144958496,-3.961276,-0.912501,-12.615761,0.35599,0.042376,0.073061
2.373000144958496,-3.961276,-0.912501,-12.615761,0.35599,0.042376,0.073061
2.373000144958496,-3.961276,-0.912501,-12.615761,0.35599,0.042376,0.073061
2.373000144958496,-3.961276,-0.912501,-12.615761,0.35599,0.042376,0.073061
2.373000144958496,-3.961276,-0.912501,-12.615761,0.35599,0.042376,0.073061
2.373000144958496,-3.961276,-0.912501,-12.615761,0.35599,0.042376,0.073061
2.373000144958496,-3.961276,-0.912501,-12.615761,0.35599,0.042376,0.073061
2.373000144958496,-3.961276,-0.912501,-12.615761,0.35599,0.042376,0.073061
2.373000144958496,-3.961276,-0.912501,-12.615761,0.35599,0.042376,0.073061
2.373000144958496,-3.961276,-0.912501,-12.615761,0.35599,0.042376,0.073061
2.373000144958496,-3.961276,-0.912501,-12.615761,0.35599,0.042376,0.073061
2.373000144958496,-3.961276,-0.912501,-12.615761,0.35599,0.042376,0.073061
2.373000144958496,-3.961276,-0.912501,-12.615761,0.35599,0.042376,0.073061
2.373000144958496,-3.961276,-0.912501,-12.615761,0.35599,0.042376,0.073061
2.373000144958496,-3.961276,-0.912501,-12.615761,0.35599,0.042376,0.073061
2.373000144958496,-3.961276,-0.912501,-12.615761,0.35599,0.042376,0.073061
2.373000144958496,-3.961276,-0.912501,-12.615761,0.35599,0.042376,0.073061
2.373000144958496,-3.961276,-0.912501,-12.615761,0.35599,0.042376,0.073061
2.373000144958496,-3.961276,-0.912501,-12.615761,0.35599,0.042376,0.073061
2.373000144958496,-3.961276,-0.912501,-12.615761,0.35599,0.042376,0.073061
2.373000144958496,-3.961276,-0.912501,-12.615761,0.35599,0.042376,0.073061
2.373000144958496,-3.961276,-0.912501,-12.615761,0.35599,0.042376,0.073061
2.373000144958496,-3.961276,-0.912501,-12.615761,0.35599,0.042376,0.073061
2.373000144958496,-3.961276,-0.912501,-12.615761,0.35599,0.042376,0.073061
2.373000144958496,-3.961276,-0.912501,-12.615761,0.35599,0.042376,0.073061
2.373000144958496,-3.961276,-0.912501,-12.615761,0.35599,0.042376,0.073061
2.373000144958496,-3.961276,-0.912501,-12.615761,0.35599,0.042376,0.073061
2.373000144958496,-3.961276,-0.912501,-12.615761,0.35599,0.042376,0.073061
2.373000144958496,-3.961276,-0.912501,-12.615761,0.35599,0.042376,0.073061
2.373000144958496,-3.961276,-0.912501,-12.615761,0.35599,0.042376,0.073061
2.373000144958496,-3.961276,-0.912501,-12.615761,0.35599,0.042376,0.073061
2.373000144958496,-3.961276,-0.912501,-12.615761,0.35599,0.042376,0.073061
2.373000144958496,-3.961276,-0.912501,-12.615761,0.35599,0.042376,0.073061
2.373000144958496,-3.961276,-0.912501,-12.615761,0.35599,0.042376,0.073061
2.373000144958496,-3.961276,-0.912501,-12.615761,0.35599,0.042376,0.073061
2.373000144958496,-3.961276,-0.912501,-12.615761,0.35599,0.042376,0.073061
2.373000144958496,-3.961276,-0.912501,-12.615761,0.35599,0.042376,0.073061
2.373000144958496,-3.961276,-0.912501,-12.615761,0.35599,0.042376,0.073061
2.373000144958496,-3.961276,-0.912501,-12.615761,0.35599,0.042376,0.073061
2.373000144958496,-3.961276,-0.912501,-12.615761,0.35599,0.042376,0.073061
2.373000144958496,-3.961276,-0.912501,-12.615761,0.35599,0.042376,0.073061
2.373000144958496,-3.961276,-0.912501,-12.615761,0.35599,0.042376,0.073061
2.373000144958496,-3.961276,-0.912501,-12.615761,0.35599,0.042376,0.073061
2.373000144958496,-3.961276,-0.912501,-12.615761,0.35599,0.042376,0.073061
2.373000144958496,-3.961276,-0.912501,-12.615761,0.35599,0.042376,0.073061
2.373000144958496,-3.961276,-0.912501,-12.615761,0.35599,0.042376,0.073061
2.373000144958496,-3.961276,-0.912501,-12.615761,0.35599,0.042376,0.073061
2.373000144958496,-3.961276,-0.912501,-12.615761,0.35599,0.042376,0.073061
2.373000144958496,-3.961276,-0.912501,-12.615761,0.35599,0.042376,0.073061
2.373000144958496,-3.961276,-0.912501,-12.615761,0.35599,0.042376,0.073061
2.373000144958496,-3.961276,-0.912501,-12.615761,0.35599,0.042376,0.073061
2.373000144958496,-3.961276,-0.912501,-12.615761,0.35599,0.042376,0.073061
2.373000144958496,-3.961276,-0.912501,-12.615761,0.35599,0.042376,0.073061
2.373000144958496,-3.961276,-0.912501,-12.615761,0.35599,0.042376,0.073061
2.373000144958496,-3.961276,-0.912501,-12.615761,0.35599,0.042376,0.073061
2.373000144958496,-3.961276,-0.912501,-12.615761,0.35599,0.042376,0.073061
2.373000144958496,-3.961276,-0.912501,-12.615761,0.35599,0.042376,0.073061
2.373000144958496,-3.961276,-0.912501,-12.615761,0.35599,0.042376,0.073061
2.373000144958496,-3.961276,-0.912501,-12.615761,0.35599,0.042376,0.073061
2.373000144958496,-3.961276,-0.912501,-12.615761,0.35599,0.042376,0.073061
2.373000144958496,-3.961276,-0.912501,-12.615761,0.35599,0.042376,0.073061
2.373000144958496,-3.961276,-0.912501,-12.615761,0.35599,0.042376,0.073061
2.373000144958496,-3.961276,-0.912501,-12.615761,0.35599,0.042376,0.073061
2.373000144958496,-3.961276,-0.912501,-12.615761,0.35599,0.042376,0.073061
2.373000144958496,-3.961276,-0.912501,-12.615761,0.35599,0.042376,0.073061
2.373000144958496,-3.961276,-0.912501,-12.615761,0.35599,0.042376,0.073061
2.373000144958496,-3.961276,-0.912501,-12.615761,0.35599,0.042376,0.073061
2.373000144958496,-3.961276,-0.912501,-12.615761,0.35599,0.042376,0.073061
2.373000144958496,-3.961276,-0.912501,-12.615761,0.35599,0.042376,0.073061
2.373000144958496,-3.961276,-0.912501,-12.615761,0.35599,0.042376,0.073061
2.373000144958496,-3.961276,-0.912501,-12.615761,0.35599,0.042376,0.073061
2.373000144958496,-3.961276,-0.912501,-12.615761,0.35599,0.042376,0.073061
2.373000144958496,-3.961276,-0.912501,-12.615761,0.35599,0.042376,0.073061
2.373000144958496,-3.961276,-0.912501,-12.615761,0.35599,0.042376,0.073061
2.373000144958496,-3.961276,-0.912501,-12.615761,0.35599,0.042376,0.073061
2.373000144958496,-3.961276,-0.912501,-12.615761,0.35599,0.042376,0.073061
2.373000144958496,-3.961276,-0.912501,-12.615761,0.35599,0.042376,0.073061
2.373000144958496,-3.961276,-0.912501,-12.615761,0.35599,0.042376,0.073061
2.373000144958496,-3.961276,-0.912501,-12.615761,0.35599,0.042376,0.073061
2.373000144958496,-3.961276,-0.912501,-12.615761,0.35599,0.042376,0.073061
2.373000144958496,-3.961276,-0.912501,-12.615761,0.35599,0.042376,0.073061
2.373000144958496,-3.961276,-0.912501,-12.615761,0.35599,0.042376,0.073061
2.373000144958496,-3.961276,-0.912501,-12.615761,0.35599,0.042376,0.073061
2.373000144958496,-3.961276,-0.912501,-12.615761,0.35599,0.042376,0.073061
2.373000144958496,-3.961276,-0.912501,-12.615761,0.35599,0.042376,0.073061
2.373000144958496,-3.961276,-0.912501,-12.615761,0.35599,0.042376,0.073061
2.373000144958496,-3.961276,-0.912501,-12.615761,0.35599,0.042376,0.073061
2.373000144958496,-3.961276,-0.912501,-12.615761,0.35599,0.042376,0.073061
2.373000144958496,-3.961276,-0.912501,-12.615761,0.35599,0.042376,0.073061
2.373000144958496,-3.961276,-0.912501,-12.615761,0.35599,0.042376,0.073061
2.373000144958496,-3.961276,-0.912501,-12.615761,0.35599,0.042376,0.073061
2.373000144958496,-3.961276,-0.912501,-12.615761,0.35599,0.042376,0.073061
2.373000144958496,-3.961276,-0.912501,-12.615761,0.35599,0.042376,0.073061
2.373000144958496,-3.961276,-0.912501,-12.615761,0.35599,0.042376,0.073061
2.373000144958496,-3.961276,-0.912501,-12.615761,0.35599,0.042376,0.073061
2.373000144958496,-3.961276,-0.912501,-12.615761,0.35599,0.042376,0.073061
2.373000144958496,-3.961276,-0.912501,-12.615761,0.35599,0.042376,0.073061
2.373000144958496,-3.961276,-0.912501,-12.615761,0.35599,0.042376,0.073061
2.373000144958496,-3.961276,-0.912501,-12.615761,0.35599,0.042376,0.073061
2.373000144958496,-3.961276,-0.912501,-12.615761,0.35599,0.042376,0.073061
2.373000144958496,-3.961276,-0.912501,-12.615761,0.35599,0.042376,0.073061
2.373000144958496,-3.961276,-0.912501,-12.615761,0.35599,0.042376,0.073061
2.373000144958496,-3.961276,-0.912501,-12.615761,0.35599,0.042376,0.073061
2.373000144958496,-3.961276,-0.912501,-12.615761,0.35599,0.042376,0.073061
2.373000144958496,-3.961276,-0.912501,-12.615761,0.35599,0.042376,0.073061
2.373000144958496,-3.961276,-0.912501,-12.615761,0.35599,0.042376,0.073061
2.373000144958496,-3.961276,-0.912501,-12.615761,0.35599,0.042376,0.073061
2.373000144958496,-3.961276,-0.912501,-12.615761,0.35599,0.042376,0.073061
2.373000144958496,-3.961276,-0.912501,-12.615761,0.35599,0.042376,0.073061
2.373000144958496,-3.961276,-0.912501,-12.615761,0.35599,0.042376,0.073061
2.373000144958496,-3.961276,-0.912501,-12.615761,0.35599,0.042376,0.073061
2.373000144958496,-3.961276,-0.912501,-12.615761,0.35599,0.042376,0.073061
2.373000144958496,-3.961276,-0.912501,-12.615761,0.35599,0.042376,0.073061
2.373000144958496,-3.961276,-0.912501,-12.615761,0.35599,0.042376,0.073061
2.373000144958496,-3.961276,-0.912501,-12.615761,0.35599,0.042376,0.073061
2.373000144958496,-3.961276,-0.912501,-12.615761,0.35599,0.042376,0.073061
2.373000144958496,-3.961276,-0.912501,-12.615761,0.35599,0.042376,0.073061
2.373000144958496,-3.961276,-0.912501,-12.615761,0.35599,0.042376,0.073061
2.373000144958496,-3.961276,-0.912501,-12.615761,0.35599,0.042376,0.073061
2.373000144958496,-3.961276,-0.912501,-12.615761,0.35599,0.042376,0.073061
2.373000144958496,-3.961276,-0.912501,-12.615761,0.35599,0.042376,0.073061
2.373000144958496,-3.961276,-0.912501,-12.615761,0.35599,0.042376,0.073061
2.373000144958496,-3.961276,-0.912501,-12.615761,0.35599,0.042376,0.073061
2.373000144958496,-3.961276,-0.912501,-12.615761,0.35599,0.042376,0.073061
2.373000144958496,-3.961276,-0.912501,-12.615761,0.35599,0.042376,0.073061
2.373000144958496,-3.961276,-0.912501,-12.615761,0.35599,0.042376,0.073061
2.373000144958496,-3.961276,-0.912501,-12.615761,0.35599,0.042376,0.073061
2.373000144958496,-3.961276,-0.912501,-12.615761,0.35599,0.042376,0.073061
2.373000144958496,-3.961276,-0.912501,-12.615761,0.35599,0.042376,0.073061
2.373000144958496,-3.961276,-0.912501,-12.615761,0.35599,0.042376,0.073061
2.373000144958496,-3.961276,-0.912501,-12.615761,0.35599,0.042376,0.073061
2.373000144958496,-3.961276,-0.912501,-12.615761,0.35599,0.042376,0.073061
2.373000144958496,-3.961276,-0.912501,-12.615761,0.35599,0.042376,0.073061
2.373000144958496,-3.961276,-0.912501,-12.615761,0.35599,0.042376,0.073061
2.373000144958496,-3.961276,-0.912501,-12.615761,0.35599,0.042376,0.073061
2.373000144958496,-3.961276,-0.912501,-12.615761,0.35599,0.042376,0.073061
2.373000144958496,-3.961276,-0.912501,-12.615761,0.35599,0.042376,0.073061
2.373000144958496,-3.961276,-0.912501,-12.615761,0.35599,0.042376,0.073061
2.373000144958496,-3.961276,-0.912501,-12.615761,0.35599,0.042376,0.073061
2.373000144958496,-3.961276,-0.912501,-12.615761,0.35599,0.042376,0.073061
2.373000144958496,-3.961276,-0.912501,-12.615761,0.35599,0.042376,0.073061
2.373000144958496,-3.961276,-0.912501,-12.615761,0.35599,0.042376,0.073061
2.373000144958496,-3.961276,-0.912501,-12.615761,0.35599,0.042376,0.073061
2.373000144958496,-3.961276,-0.912501,-12.615761,0.35599,0.042376,0.073061
2.373000144958496,-3.961276,-0.912501,-12.615761,0.35599,0.042376,0.073061
2.373000144958496,-3.961276,-0.912501,-12.615761,0.35599,0.042376,0.073061
2.373000144958496,-3.961276,-0.912501,-12.615761,0.35599,0.042376,0.073061
2.373000144958496,-3.961276,-0.912501,-12.615761,0.35599,0.042376,0.073061
2.373000144958496,-3.961276,-0.912501,-12.615761,0.35599,0.042376,0.073061
2.373000144958496,-3.961276,-0.912501,-12.615761,0.35599,0.042376,0.073061
2.373000144958496,-3.961276,-0.912501,-12.615761,0.35599,0.042376,0.073061
2.373000144958496,-3.961276,-0.912501,-12.615761,0.35599,0.042376,0.073061
2.373000144958496,-3.961276,-0.912501,-12.615761,0.35599,0.042376,0.073061
2.373000144958496,-3.961276,-0.912501,-12.615761,0.35599,0.042376,0.073061
2.373000144958496,-3.961276,-0.912501,-12.615761,0.35599,0.042376,0.073061
2.373000144958496,-3.961276,-0.912501,-12.615761,0.35599,0.042376,0.073061
2.373000144958496,-3.961276,-0.912501,-12.615761,0.35599,0.042376,0.073061
2.373000144958496,-3.961276,-0.912501,-12.615761,0.35599,0.042376,0.073061
2.373000144958496,-3.961276,-0.912501,-12.615761,0.35599,0.042376,0.073061
2.373000144958496,-3.961276,-0.912501,-12.615761,0.35599,0.042376,0.073061
2.373000144958496,-3.961276,-0.912501,-12.615761,0.35599,0.042376,0.073061
2.373000144958496,-3.961276,-0.912501,-12.615761,0.35599,0.042376,0.073061
2.373000144958496,-3.961276,-0.912501,-12.615761,0.35599,0.042376,0.073061
2.373000144958496,-3.961276,-0.912501,-12.615761,0.35599,0.042376,0.073061
2.373000144958496,-3.961276,-0.912501,-12.615761,0.35599,0.042376,0.073061
2.373000144958496,-3.961276,-0.912501,-12.615761,0.35599,0.042376,0.073061
2.373000144958496,-3.961276,-0.912501,-12.615761,0.35599,0.042376,0.073061
2.373000144958496,-3.961276,-0.912501,-12.615761,0.35599,0.042376,0.073061
2.373000144958496,-3.961276,-0.912501,-12.615761,0.35599,0.042376,0.073061
2.373000144958496,-3.961276,-0.912501,-12.615761,0.35599,0.042376,0.073061
2.373000144958496,-3.961276,-0.912501,-12.615761,0.35599,0.042376,0.073061
2.373000144958496,-3.961276,-0.912501,-12.615761,0.35599,0.042376,0.073061
2.373000144958496,-3.961276,-0.912501,-12.615761,0.35599,0.042376,0.073061
2.373000144958496,-3.961276,-0.912501,-12.615761,0.35599,0.042376,0.073061
2.373000144958496,-3.961276,-0.912501,-12.615761,0.35599,0.042376,0.073061
2.373000144958496,-3.961276,-0.912501,-12.615761,0.35599,0.042376,0.073061
2.373000144958496,-3.961276,-0.912501,-12.615761,0.35599,0.042376,0.073061
2.373000144958496,-3.961276,-0.912501,-12.615761,0.35599,0.042376,0.073061
2.373000144958496,-3.961276,-0.912501,-12.615761,0.35599,0.042376,0.073061
2.373000144958496,-3.961276,-0.912501,-12.615761,0.35599,0.042376,0.073061
2.373000144958496,-3.961276,-0.912501,-12.615761,0.35599,0.042376,0.073061
2.373000144958496,-3.961276,-0.912501,-12.615761,0.35599,0.042376,0.073061
2.373000144958496,-3.961276,-0.912501,-12.615761,0.35599,0.042376,0.073061
2.373000144958496,-3.961276,-0.912501,-12.615761,0.35599,0.042376,0.073061
2.373000144958496,-3.961276,-0.912501,-12.615761,0.35599,0.042376,0.073061
2.373000144958496,-3.961276,-0.912501,-12.615761,0.35599,0.042376,0.073061
2.373000144958496,-3.961276,-0.912501,-12.615761,0.35599,0.042376,0.073061
2.373000144958496,-3.961276,-0.912501,-12.615761,0.35599,0.042376,0.073061
2.373000144958496,-3.961276,-0.912501,-12.615761,0.35599,0.042376,0.073061
2.373000144958496,-3.961276,-0.912501,-12.615761,0.35599,0.042376,0.073061
2.373000144958496,-3.961276,-0.912501,-12.615761,0.35599,0.042376,0.073061
2.373000144958496,-3.961276,-0.912501,-12.615761,0.35599,0.042376,0.073061
2.373000144958496,-3.961276,-0.912501,-12.615761,0.35599,0.042376,0.073061
2.373000144958496,-3.961276,-0.912501,-12.615761,0.35599,0.042376,0.073061
2.373000144958496,-3.961276,-0.912501,-12.615761,0.35599,0.042376,0.073061
2.373000144958496,-3.961276,-0.912501,-12.615761,0.35599,0.042376,0.073061
2.373000144958496,-3.961276,-0.912501,-12.615761,0.35599,0.042376,0.073061
2.373000144958496,-3.961276,-0.912501,-12.615761,0.35599,0.042376,0.073061
2.373000144958496,-3.961276,-0.912501,-12.615761,0.35599,0.042376,0.073061
2.373000144958496,-3.961276,-0.912501,-12.615761,0.35599,0.042376,0.073061
2.373000144958496,-3.961276,-0.912501,-12.615761,0.35599,0.042376,0.073061
2.373000144958496,-3.961276,-0.912501,-12.615761,0.35599,0.042376,0.073061
2.373000144958496,-3.961276,-0.912501,-12.615761,0.35599,0.042376,0.073061
2.373000144958496,-3.961276,-0.912501,-12.615761,0.35599,0.042376,0.073061
2.373000144958496,-3.961276,-0.912501,-12.615761,0.35599,0.042376,0.073061
2.373000144958496,-3.961276,-0.912501,-12.615761,0.35599,0.042376,0.073061
2.373000144958496,-3.961276,-0.912501,-12.615761,0.35599,0.042376,0.073061
2.373000144958496,-3.961276,-0.912501,-12.615761,0.35599,0.042376,0.073061
2.373000144958496,-3.961276,-0.912501,-12.615761,0.35599,0.042376,0.073061
2.373000144958496,-3.961276,-0.912501,-12.615761,0.35599,0.042376,0.073061
2.373000144958496,-3.961276,-0.912501,-12.615761,0.35599,0.042376,0.073061
2.373000144958496,-3.961276,-0.912501,-12.615761,0.35599,0.042376,0.073061
2.373000144958496,-3.961276,-0.912501,-12.615761,0.35599,0.042376,0.073061
2.373000144958496,-3.961276,-0.912501,-12.615761,0.35599,0.042376,0.073061
2.373000144958496,-3.961276,-0.912501,-12.615761,0.35599,0.042376,0.073061
2.373000144958496,-3.961276,-0.912501,-12.615761,0.35599,0.042376,0.073061
2.373000144958496,-3.961276,-0.912501,-12.615761,0.35599,0.042376,0.073061
2.373000144958496,-3.961276,-0.912501,-12.615761,0.35599,0.042376,0.073061
2.373000144958496,-3.961276,-0.912501,-12.615761,0.35599,0.042376,0.073061
2.373000144958496,-3.961276,-0.912501,-12.615761,0.35599,0.042376,0.073061
2.373000144958496,-3.961276,-0.912501,-12.615761,0.35599,0.042376,0.073061
2.373000144958496,-3.961276,-0.912501,-12.615761,0.35599,0.042376,0.073061
2.373000144958496,-3.961276,-0.912501,-12.615761,0.35599,0.042376,0.073061
2.373000144958496,-3.961276,-0.912501,-12.615761,0.35599,0.042376,0.073061
2.373000144958496,-3.961276,-0.912501,-12.615761,0.35599,0.042376,0.073061
2.373000144958496,-3.961276,-0.912501,-12.615761,0.35599,0.042376,0.073061
2.373000144958496,-3.961276,-0.912501,-12.615761,0.35599,0.042376,0.073061
2.373000144958496,-3.961276,-0.912501,-12.615761,0.35599,0.042376,0.073061
2.373000144958496,-3.961276,-0.912501,-12.615761,0.35599,0.042376,0.073061
2.373000144958496,-3.961276,-0.912501,-12.615761,0.35599,0.042376,0.073061
2.373000144958496,-3.961276,-0.912501,-12.615761,0.35599,0.042376,0.073061
2.373000144958496,-3.961276,-0.912501,-12.615761,0.35599,0.042376,0.073061
2.373000144958496,-3.961276,-0.912501,-12.615761,0.35599,0.042376,0.073061
2.373000144958496,-3.961276,-0.912501,-12.615761,0.35599,0.042376,0.073061
2.373000144958496,-3.961276,-0.912501,-12.615761,0.35599,0.042376,0.073061
2.373000144958496,-3.961276,-0.912501,-12.615761,0.35599,0.042376,0.073061
2.373000144958496,-3.961276,-0.912501,-12.615761,0.35599,0.042376,0.073061
2.373000144958496,-3.961276,-0.912501,-12.615761,0.35599,0.042376,0.073061
2.373000144958496,-3.961276,-0.912501,-12.615761,0.35599,0.042376,0.073061
2.373000144958496,-3.961276,-0.912501,-12.615761,0.35599,0.042376,0.073061
2.373000144958496,-3.961276,-0.912501,-12.615761,0.35599,0.042376,0.073061
2.373000144958496,-3.961276,-0.912501,-12.615761,0.35599,0.042376,0.073061
2.373000144958496,-3.961276,-0.912501,-12.615761,0.35599,0.042376,0.073061
2.373000144958496,-3.961276,-0.912501,-12.615761,0.35599,0.042376,0.073061
2.373000144958496,-3.961276,-0.912501,-12.615761,0.35599,0.042376,0.073061
2.373000144958496,-3.961276,-0.912501,-12.615761,0.35599,0.042376,0.073061
2.373000144958496,-3.961276,-0.912501,-12.615761,0.35599,0.042376,0.073061
2.373000144958496,-3.961276,-0.912501,-12.615761,0.35599,0.042376,0.073061
2.373000144958496,-3.961276,-0.912501,-12.615761,0.35599,0.042376,0.073061
2.373000144958496,-3.961276,-0.912501,-12.615761,0.35599,0.042376,0.073061
2.373000144958496,-3.961276,-0.912501,-12.615761,0.35599,0.042376,0.073061
2.373000144958496,-3.961276,-0.912501,-12.615761,0.35599,0.042376,0.073061
2.373000144958496,-3.961276,-0.912501,-12.615761,0.35599,0.042376,0.073061
2.373000144958496,-3.961276,-0.912501,-12.615761,0.35599,0.042376,0.073061
2.373000144958496,-3.961276,-0.912501,-12.615761,0.35599,0.042376,0.073061
2.373000144958496,-3.961276,-0.912501,-12.615761,0.35599,0.042376,0.073061
2.373000144958496,-3.961276,-0.912501,-12.615761,0.35599,0.042376,0.073061
2.373000144958496,-3.961276,-0.912501,-12.615761,0.35599,0.042376,0.073061
2.373000144958496,-3.961276,-0.912501,-12.615761,0.35599,0.042376,0.073061
2.373000144958496,-3.961276,-0.912501,-12.615761,0.35599,0.042376,0.073061
2.373000144958496,-3.961276,-0.912501,-12.615761,0.35599,0.042376,0.073061
2.373000144958496,-3.961276,-0.912501,-12.615761,0.35599,0.042376,0.073061
2.373000144958496,-3.961276,-0.912501,-12.615761,0.35599,0.042376,0.073061
2.373000144958496,-3.961276,-0.912501,-12.615761,0.35599,0.042376,0.073061
2.373000144958496,-3.961276,-0.912501,-12.615761,0.35599,0.042376,0.073061
2.373000144958496,-3.961276,-0.912501,-12.615761,0.35599,0.042376,0.073061
2.373000144958496,-3.961276,-0.912501,-12.615761,0.35599,0.042376,0.073061
2.373000144958496,-3.961276,-0.912501,-12.615761,0.35599,0.042376,0.073061
2.373000144958496,-3.961276,-0.912501,-12.615761,0.35599,0.042376,0.073061
2.373000144958496,-3.961276,-0.912501,-12.615761,0.35599,0.042376,0.073061
2.373000144958496,-3.961276,-0.912501,-12.615761,0.35599,0.042376,0.073061
2.373000144958496,-3.961276,-0.912501,-12.615761,0.35599,0.042376,0.073061
2.373000144958496,-3.961276,-0.912501,-12.615761,0.35599,0.042376,0.073061
2.373000144958496,-3.961276,-0.912501,-12.615761,0.35599,0.042376,0.073061
2.373000144958496,-3.961276,-0.912501,-12.615761,0.35599,0.042376,0.073061
2.373000144958496,-3.961276,-0.912501,-12.615761,0.35599,0.042376,0.073061
2.373000144958496,-3.961276,-0.912501,-12.615761,0.35599,0.042376,0.073061
2.373000144958496,-3.961276,-0.912501,-12.615761,0.35599,0.042376,0.073061
2.373000144958496,-3.961276,-0.912501,-12.615761,0.35599,0.042376,0.073061
2.373000144958496,-3.961276,-0.912501,-12.615761,0.35599,0.042376,0.073061
2.373000144958496,-3.961276,-0.912501,-12.615761,0.35599,0.042376,0.073061
2.373000144958496,-3.961276,-0.912501,-12.615761,0.35599,0.042376,0.073061
2.373000144958496,-3.961276,-0.912501,-12.615761,0.35599,0.042376,0.073061
2.373000144958496,-3.961276,-0.912501,-12.615761,0.35599,0.042376,0.073061
2.373000144958496,-3.961276,-0.912501,-12.615761,0.35599,0.042376,0.073061
2.373000144958496,-3.961276,-0.912501,-12.615761,0.35599,0.042376,0.073061
2.373000144958496,-3.961276,-0.912501,-12.615761,0.35599,0.042376,0.073061
2.373000144958496,-3.961276,-0.912501,-12.615761,0.35599,0.042376,0.073061
2.373000144958496,-3.961276,-0.912501,-12.615761,0.35599,0.042376,0.073061
2.373000144958496,-3.961276,-0.912501,-12.615761,0.35599,0.042376,0.073061
2.373000144958496,-3.961276,-0.912501,-12.615761,0.35599,0.042376,0.073061
2.373000144958496,-3.961276,-0.912501,-12.615761,0.35599,0.042376,0.073061
2.373000144958496,-3.961276,-0.912501,-12.615761,0.35599,0.042376,0.073061
2.373000144958496,-3.961276,-0.912501,-12.615761,0.35599,0.042376,0.073061
2.373000144958496,-3.961276,-0.912501,-12.615761,0.35599,0.042376,0.073061
2.373000144958496,-3.961276,-0.912501,-12.615761,0.35599,0.042376,0.073061
2.373000144958496,-3.961276,-0.912501,-12.615761,0.35599,0.042376,0.073061
2.373000144958496,-3.961276,-0.912501,-12.615761,0.35599,0.042376,0.073061
2.373000144958496,-3.961276,-0.912501,-12.615761,0.35599,0.042376,0.073061
2.373000144958496,-3.961276,-0.912501,-12.615761,0.35599,0.042376,0.073061
2.373000144958496,-3.961276,-0.912501,-12.615761,0.35599,0.042376,0.073061
2.373000144958496,-3.961276,-0.912501,-12.615761,0.35599,0.042376,0.073061
2.373000144958496,-3.961276,-0.912501,-12.615761,0.35599,0.042376,0.073061
2.373000144958496,-3.961276,-0.912501,-12.615761,0.35599,0.042376,0.073061
2.373000144958496,-3.961276,-0.912501,-12.615761,0.35599,0.042376,0.073061
2.373000144958496,-3.961276,-0.912501,-12.615761,0.35599,0.042376,0.073061
2.373000144958496,-3.961276,-0.912501,-12.615761,0.35599,0.042376,0.073061
2.373000144958496,-3.961276,-0.912501,-12.615761,0.35599,0.042376,0.073061
2.373000144958496,-3.961276,-0.912501,-12.615761,0.35599,0.042376,0.073061
2.373000144958496,-3.961276,-0.912501,-12.615761,0.35599,0.042376,0.073061
2.373000144958496,-3.961276,-0.912501,-12.615761,0.35599,0.042376,0.073061
2.373000144958496,-3.961276,-0.912501,-12.615761,0.35599,0.042376,0.073061
2.373000144958496,-3.961276,-0.912501,-12.615761,0.35599,0.042376,0.073061
2.373000144958496,-3.961276,-0.912501,-12.615761,0.35599,0.042376,0.073061
2.373000144958496,-3.961276,-0.912501,-12.615761,0.35599,0.042376,0.073061
2.373000144958496,-3.961276,-0.912501,-12.615761,0.35599,0.042376,0.073061
2.373000144958496,-3.961276,-0.912501,-12.615761,0.35599,0.042376,0.073061
2.373000144958496,-3.961276,-0.912501,-12.615761,0.35599,0.042376,0.073061
2.373000144958496,-3.961276,-0.912501,-12.615761,0.35599,0.042376,0.073061
2.373000144958496,-3.961276,-0.912501,-12.615761,0.35599,0.042376,0.073061
2.373000144958496,-3.961276,-0.912501,-12.615761,0.35599,0.042376,0.073061
2.373000144958496,-3.961276,-0.912501,-12.615761,0.35599,0.042376,0.073061
2.373000144958496,-3.961276,-0.912501,-12.615761,0.35599,0.042376,0.073061
2.373000144958496,-3.961276,-0.912501,-12.615761,0.35599,0.042376,0.073061
2.373000144958496,-3.961276,-0.912501,-12.615761,0.35599,0.042376,0.073061
2.373000144958496,-3.961276,-0.912501,-12.615761,0.35599,0.042376,0.073061
2.373000144958496,-3.961276,-0.912501,-12.615761,0.35599,0.042376,0.073061
2.373000144958496,-3.961276,-0.912501,-12.615761,0.35599,0.042376,0.073061
2.373000144958496,-3.961276,-0.912501,-12.615761,0.35599,0.042376,0.073061
2.373000144958496,-3.961276,-0.912501,-12.615761,0.35599,0.042376,0.073061
2.373000144958496,-3.961276,-0.912501,-12.615761,0.35599,0.042376,0.073061
2.373000144958496,-3.961276,-0.912501,-12.615761,0.35599,0.042376,0.073061
2.373000144958496,-3.961276,-0.912501,-12.615761,0.35599,0.042376,0.073061
2.373000144958496,-3.961276,-0.912501,-12.615761,0.35599,0.042376,0.073061
2.373000144958496,-3.961276,-0.912501,-12.615761,0.35599,0.042376,0.073061
2.373000144958496,-3.961276,-0.912501,-12.615761,0.35599,0.042376,0.073061
2.373000144958496,-3.961276,-0.912501,-12.615761,0.35599,0.042376,0.073061
2.373000144958496,-3.961276,-0.912501,-12.615761,0.35599,0.042376,0.073061
2.373000144958496,-3.961276,-0.912501,-12.615761,0.35599,0.042376,0.073061
2.373000144958496,-3.961276,-0.912501,-12.615761,0.35599,0.042376,0.073061
2.373000144958496,-3.961276,-0.912501,-12.615761,0.35599,0.042376,0.073061
2.373000144958496,-3.961276,-0.912501,-12.615761,0.35599,0.042376,0.073061
2.373000144958496,-3.961276,-0.912501,-12.615761,0.35599,0.042376,0.073061
2.373000144958496,-3.961276,-0.912501,-12.615761,0.35599,0.042376,0.073061
2.373000144958496,-3.961276,-0.912501,-12.615761,0.35599,0.042376,0.073061
2.373000144958496,-3.961276,-0.912501,-12.615761,0.35599,0.042376,0.073061
2.373000144958496,-3.961276,-0.912501,-12.615761,0.35599,0.042376,0.073061
2.373000144958496,-3.961276,-0.912501,-12.615761,0.35599,0.042376,0.073061
2.373000144958496,-3.961276,-0.912501,-12.615761,0.35599,0.042376,0.073061
2.373000144958496,-3.961276,-0.912501,-12.615761,0.35599,0.042376,0.073061
2.373000144958496,-3.961276,-0.912501,-12.615761,0.35599,0.042376,0.073061
2.373000144958496,-3.961276,-0.912501,-12.615761,0.35599,0.042376,0.073061
2.373000144958496,-3.961276,-0.912501,-12.615761,0.35599,0.042376,0.073061
2.373000144958496,-3.961276,-0.912501,-12.615761,0.35599,0.042376,0.073061
2.373000144958496,-3.961276,-0.912501,-12.615761,0.35599,0.042376,0.073061
2.373000144958496,-3.961276,-0.912501,-12.615761,0.35599,0.042376,0.073061
2.373000144958496,-3.961276,-0.912501,-12.615761,0.35599,0.042376,0.073061
2.373000144958496,-3.961276,-0.912501,-12.615761,0.35599,0.042376,0.073061
2.373000144958496,-3.961276,-0.912501,-12.615761,0.35599,0.042376,0.073061
2.373000144958496,-3.961276,-0.912501,-12.615761,0.35599,0.042376,0.073061
2.373000144958496,-3.961276,-0.912501,-12.615761,0.35599,0.042376,0.073061
2.373000144958496,-3.961276,-0.912501,-12.615761,0.35599,0.042376,0.073061
2.373000144958496,-3.961276,-0.912501,-12.615761,0.35599,0.042376,0.073061
2.373000144958496,-3.961276,-0.912501,-12.615761,0.35599,0.042376,0.073061
2.373000144958496,-3.961276,-0.912501,-12.615761,0.35599,0.042376,0.073061
2.373000144958496,-3.961276,-0.912501,-12.615761,0.35599,0.042376,0.073061
2.373000144958496,-3.961276,-0.912501,-12.615761,0.35599,0.042376,0.073061
2.373000144958496,-3.961276,-0.912501,-12.615761,0.35599,0.042376,0.073061
2.373000144958496,-3.961276,-0.912501,-12.615761,0.35599,0.042376,0.073061
2.373000144958496,-3.961276,-0.912501,-12.615761,0.35599,0.042376,0.073061
2.373000144958496,-3.961276,-0.912501,-12.615761,0.35599,0.042376,0.073061
2.373000144958496,-3.961276,-0.912501,-12.615761,0.35599,0.042376,0.073061
2.373000144958496,-3.961276,-0.912501,-12.615761,0.35599,0.042376,0.073061
2.373000144958496,-3.961276,-0.912501,-12.615761,0.35599,0.042376,0.073061
2.373000144958496,-3.961276,-0.912501,-12.615761,0.35599,0.042376,0.073061
2.373000144958496,-3.961276,-0.912501,-12.615761,0.35599,0.042376,0.073061
2.373000144958496,-3.961276,-0.912501,-12.615761,0.35599,0.042376,0.073061
2.373000144958496,-3.961276,-0.912501,-12.615761,0.35599,0.042376,0.073061
2.373000144958496,-3.961276,-0.912501,-12.615761,0.35599,0.042376,0.073061
2.373000144958496,-3.961276,-0.912501,-12.615761,0.35599,0.042376,0.073061
2.373000144958496,-3.961276,-0.912501,-12.615761,0.35599,0.042376,0.073061
2.373000144958496,-3.961276,-0.912501,-12.615761,0.35599,0.042376,0.073061
2.373000144958496,-3.961276,-0.912501,-12.615761,0.35599,0.042376,0.073061
2.373000144958496,-3.961276,-0.912501,-12.615761,0.35599,0.042376,0.073061
2.373000144958496,-3.961276,-0.912501,-12.615761,0.35599,0.042376,0.073061
2.373000144958496,-3.961276,-0.912501,-12.615761,0.35599,0.042376,0.073061
2.373000144958496,-3.961276,-0.912501,-12.615761,0.35599,0.042376,0.073061
2.373000144958496,-3.961276,-0.912501,-12.615761,0.35599,0.042376,0.073061
2.373000144958496,-3.961276,-0.912501,-12.615761,0.35599,0.042376,0.073061
2.373000144958496,-3.961276,-0.912501,-12.615761,0.35599,0.042376,0.073061
2.373000144958496,-3.961276,-0.912501,-12.615761,0.35599,0.042376,0.073061
2.373000144958496,-3.961276,-0.912501,-12.615761,0.35599,0.042376,0.073061
2.373000144958496,-3.961276,-0.912501,-12.615761,0.35599,0.042376,0.073061
2.373000144958496,-3.961276,-0.912501,-12.615761,0.35599,0.042376,0.073061
2.373000144958496,-3.961276,-0.912501,-12.615761,0.35599,0.042376,0.073061
2.373000144958496,-3.961276,-0.912501,-12.615761,0.35599,0.042376,0.073061
2.373000144958496,-3.961276,-0.912501,-12.615761,0.35599,0.042376,0.073061
2.373000144958496,-3.961276,-0.912501,-12.615761,0.35599,0.042376,0.073061
2.373000144958496,-3.961276,-0.912501,-12.615761,0.35599,0.042376,0.073061
2.373000144958496,-3.961276,-0.912501,-12.615761,0.35599,0.042376,0.073061
2.373000144958496,-3.961276,-0.912501,-12.615761,0.35599,0.042376,0.073061
2.373000144958496,-3.961276,-0.912501,-12.615761,0.35599,0.042376,0.073061
2.373000144958496,-3.961276,-0.912501,-12.615761,0.35599,0.042376,0.073061
2.373000144958496,-3.961276,-0.912501,-12.615761,0.35599,0.042376,0.073061
2.373000144958496,-3.961276,-0.912501,-12.615761,0.35599,0.042376,0.073061
2.373000144958496,-3.961276,-0.912501,-12.615761,0.35599,0.042376,0.073061
2.373000144958496,-3.961276,-0.912501,-12.615761,0.35599,0.042376,0.073061
2.373000144958496,-3.961276,-0.912501,-12.615761,0.35599,0.042376,0.073061
2.373000144958496,-3.961276,-0.912501,-12.615761,0.35599,0.042376,0.073061
2.373000144958496,-3.961276,-0.912501,-12.615761,0.35599,0.042376,0.073061
2.373000144958496,-3.961276,-0.912501,-12.615761,0.35599,0.042376,0.073061
2.373000144958496,-3.961276,-0.912501,-12.615761,0.35599,0.042376,0.073061
2.373000144958496,-3.961276,-0.912501,-12.615761,0.35599,0.042376,0.073061
2.373000144958496,-3.961276,-0.912501,-12.615761,0.35599,0.042376,0.073061
2.373000144958496,-3.961276,-0.912501,-12.615761,0.35599,0.042376,0.073061
2.373000144958496,-3.961276,-0.912501,-12.615761,0.35599,0.042376,0.073061
2.373000144958496,-3.961276,-0.912501,-12.615761,0.35599,0.042376,0.073061
2.373000144958496,-3.961276,-0.912501,-12.615761,0.35599,0.042376,0.073061
2.373000144958496,-3.961276,-0.912501,-12.615761,0.35599,0.042376,0.073061
2.373000144958496,-3.961276,-0.912501,-12.615761,0.35599,0.042376,0.073061
2.373000144958496,-3.961276,-0.912501,-12.615761,0.35599,0.042376,0.073061
2.373000144958496,-3.961276,-0.912501,-12.615761,0.35599,0.042376,0.073061
2.373000144958496,-3.961276,-0.912501,-12.615761,0.35599,0.042376,0.073061
2.373000144958496,-3.961276,-0.912501,-12.615761,0.35599,0.042376,0.073061
2.373000144958496,-3.961276,-0.912501,-12.615761,0.35599,0.042376,0.073061
2.373000144958496,-3.961276,-0.912501,-12.615761,0.35599,0.042376,0.073061
2.373000144958496,-3.961276,-0.912501,-12.615761,0.35599,0.042376,0.073061
2.373000144958496,-3.961276,-0.912501,-12.615761,0.35599,0.042376,0.073061
2.373000144958496,-3.961276,-0.912501,-12.615761,0.35599,0.042376,0.073061
2.373000144958496,-3.961276,-0.912501,-12.615761,0.35599,0.042376,0.073061
2.373000144958496,-3.961276,-0.912501,-12.615761,0.35599,0.042376,0.073061
2.373000144958496,-3.961276,-0.912501,-12.615761,0.35599,0.042376,0.073061
2.373000144958496,-3.961276,-0.912501,-12.615761,0.35599,0.042376,0.073061
2.373000144958496,-3.961276,-0.912501,-12.615761,0.35599,0.042376,0.073061
2.373000144958496,-3.961276,-0.912501,-12.615761,0.35599,0.042376,0.073061
2.373000144958496,-3.961276,-0.912501,-12.615761,0.35599,0.042376,0.073061
2.373000144958496,-3.961276,-0.912501,-12.615761,0.35599,0.042376,0.073061
2.373000144958496,-3.961276,-0.912501,-12.615761,0.35599,0.042376,0.073061
2.373000144958496,-3.961276,-0.912501,-12.615761,0.35599,0.042376,0.073061
2.373000144958496,-3.961276,-0.912501,-12.615761,0.35599,0.042376,0.073061
2.373000144958496,-3.961276,-0.912501,-12.615761,0.35599,0.042376,0.073061
2.373000144958496,-3.961276,-0.912501,-12.615761,0.35599,0.042376,0.073061
2.373000144958496,-3.961276,-0.912501,-12.615761,0.35599,0.042376,0.073061
2.373000144958496,-3.961276,-0.912501,-12.615761,0.35599,0.042376,0.073061
2.373000144958496,-3.961276,-0.912501,-12.615761,0.35599,0.042376,0.073061
2.373000144958496,-3.961276,-0.912501,-12.615761,0.35599,0.042376,0.073061
2.373000144958496,-3.961276,-0.912501,-12.615761,0.35599,0.042376,0.073061
2.373000144958496,-3.961276,-0.912501,-12.615761,0.35599,0.042376,0.073061
2.373000144958496,-3.961276,-0.912501,-12.615761,0.35599,0.042376,0.073061
2.373000144958496,-3.961276,-0.912501,-12.615761,0.35599,0.042376,0.073061
2.373000144958496,-3.961276,-0.912501,-12.615761,0.35599,0.042376,0.073061
2.373000144958496,-3.961276,-0.912501,-12.615761,0.35599,0.042376,0.073061
2.373000144958496,-3.961276,-0.912501,-12.615761,0.35599,0.042376,0.073061
2.373000144958496,-3.961276,-0.912501,-12.615761,0.35599,0.042376,0.073061
2.373000144958496,-3.961276,-0.912501,-12.615761,0.35599,0.042376,0.073061
2.373000144958496,-3.961276,-0.912501,-12.615761,0.35599,0.042376,0.073061
2.373000144958496,-3.961276,-0.912501,-12.615761,0.35599,0.042376,0.073061
2.373000144958496,-3.961276,-0.912501,-12.615761,0.35599,0.042376,0.073061
2.373000144958496,-3.961276,-0.912501,-12.615761,0.35599,0.042376,0.073061
2.373000144958496,-3.961276,-0.912501,-12.615761,0.35599,0.042376,0.073061
2.373000144958496,-3.961276,-0.912501,-12.615761,0.35599,0.042376,0.073061
2.373000144958496,-3.961276,-0.912501,-12.615761,0.35599,0.042376,0.073061
2.373000144958496,-3.961276,-0.912501,-12.615761,0.35599,0.042376,0.073061
2.373000144958496,-3.961276,-0.912501,-12.615761,0.35599,0.042376,0.073061
2.373000144958496,-3.961276,-0.912501,-12.615761,0.35599,0.042376,0.073061
2.373000144958496,-3.961276,-0.912501,-12.615761,0.35599,0.042376,0.073061
2.373000144958496,-3.961276,-0.912501,-12.615761,0.35599,0.042376,0.073061
2.373000144958496,-3.961276,-0.912501,-12.615761,0.35599,0.042376,0.073061
2.373000144958496,-3.961276,-0.912501,-12.615761,0.35599,0.042376,0.073061
2.373000144958496,-3.961276,-0.912501,-12.615761,0.35599,0.042376,0.073061
2.373000144958496,-3.961276,-0.912501,-12.615761,0.35599,0.042376,0.073061
2.373000144958496,-3.961276,-0.912501,-12.615761,0.35599,0.042376,0.073061
2.373000144958496,-3.961276,-0.912501,-12.615761,0.35599,0.042376,0.073061
2.373000144958496,-3.961276,-0.912501,-12.615761,0.35599,0.042376,0.073061
2.373000144958496,-3.961276,-0.912501,-12.615761,0.35599,0.042376,0.073061
2.373000144958496,-3.961276,-0.912501,-12.615761,0.35599,0.042376,0.073061
2.373000144958496,-3.961276,-0.912501,-12.615761,0.35599,0.042376,0.073061
2.373000144958496,-3.961276,-0.912501,-12.615761,0.35599,0.042376,0.073061
2.373000144958496,-3.961276,-0.912501,-12.615761,0.35599,0.042376,0.073061
2.373000144958496,-3.961276,-0.912501,-12.615761,0.35599,0.042376,0.073061
2.373000144958496,-3.961276,-0.912501,-12.615761,0.35599,0.042376,0.073061
2.373000144958496,-3.961276,-0.912501,-12.615761,0.35599,0.042376,0.073061
2.373000144958496,-3.961276,-0.912501,-12.615761,0.35599,0.042376,0.073061
2.373000144958496,-3.961276,-0.912501,-12.615761,0.35599,0.042376,0.073061
2.373000144958496,-3.961276,-0.912501,-12.615761,0.35599,0.042376,0.073061
2.373000144958496,-3.961276,-0.912501,-12.615761,0.35599,0.042376,0.073061
2.373000144958496,-3.961276,-0.912501,-12.615761,0.35599,0.042376,0.073061
2.373000144958496,-3.961276,-0.912501,-12.615761,0.35599,0.042376,0.073061
2.373000144958496,-3.961276,-0.912501,-12.615761,0.35599,0.042376,0.073061
2.373000144958496,-3.961276,-0.912501,-12.615761,0.35599,0.042376,0.073061
2.373000144958496,-3.961276,-0.912501,-12.615761,0.35599,0.042376,0.073061
2.373000144958496,-3.961276,-0.912501,-12.615761,0.35599,0.042376,0.073061
2.373000144958496,-3.961276,-0.912501,-12.615761,0.35599,0.042376,0.073061
2.373000144958496,-3.961276,-0.912501,-12.615761,0.35599,0.042376,0.073061
2.373000144958496,-3.961276,-0.912501,-12.615761,0.35599,0.042376,0.073061
2.373000144958496,-3.961276,-0.912501,-12.615761,0.35599,0.042376,0.073061
2.373000144958496,-3.961276,-0.912501,-12.615761,0.35599,0.042376,0.073061
2.373000144958496,-3.961276,-0.912501,-12.615761,0.35599,0.042376,0.073061
2.373000144958496,-3.961276,-0.912501,-12.615761,0.35599,0.042376,0.073061
2.373000144958496,-3.961276,-0.912501,-12.615761,0.35599,0.042376,0.073061
2.373000144958496,-3.961276,-0.912501,-12.615761,0.35599,0.042376,0.073061
2.373000144958496,-3.961276,-0.912501,-12.615761,0.35599,0.042376,0.073061
2.373000144958496,-3.961276,-0.912501,-12.615761,0.35599,0.042376,0.073061
2.373000144958496,-3.961276,-0.912501,-12.615761,0.35599,0.042376,0.073061
2.373000144958496,-3.961276,-0.912501,-12.615761,0.35599,0.042376,0.073061
2.373000144958496,-3.961276,-0.912501,-12.615761,0.35599,0.042376,0.073061
2.373000144958496,-3.961276,-0.912501,-12.615761,0.35599,0.042376,0.073061
2.373000144958496,-3.961276,-0.912501,-12.615761,0.35599,0.042376,0.073061
2.373000144958496,-3.961276,-0.912501,-12.615761,0.35599,0.042376,0.073061
2.373000144958496,-3.961276,-0.912501,-12.615761,0.35599,0.042376,0.073061
2.373000144958496,-3.961276,-0.912501,-12.615761,0.35599,0.042376,0.073061
2.373000144958496,-3.961276,-0.912501,-12.615761,0.35599,0.042376,0.073061
2.373000144958496,-3.961276,-0.912501,-12.615761,0.35599,0.042376,0.073061
2.373000144958496,-3.961276,-0.912501,-12.615761,0.35599,0.042376,0.073061
2.373000144958496,-3.961276,-0.912501,-12.615761,0.35599,0.042376,0.073061
2.373000144958496,-3.961276,-0.912501,-12.615761,0.35599,0.042376,0.073061
2.373000144958496,-3.961276,-0.912501,-12.615761,0.35599,0.042376,0.073061
2.373000144958496,-3.961276,-0.912501,-12.615761,0.35599,0.042376,0.073061
2.373000144958496,-3.961276,-0.912501,-12.615761,0.35599,0.042376,0.073061
2.373000144958496,-3.961276,-0.912501,-12.615761,0.35599,0.042376,0.073061
2.373000144958496,-3.961276,-0.912501,-12.615761,0.35599,0.042376,0.073061
2.373000144958496,-3.961276,-0.912501,-12.615761,0.35599,0.042376,0.073061
2.373000144958496,-3.961276,-0.912501,-12.615761,0.35599,0.042376,0.073061
2.373000144958496,-3.961276,-0.912501,-12.615761,0.35599,0.042376,0.073061
2.373000144958496,-3.961276,-0.912501,-12.615761,0.35599,0.042376,0.073061
2.373000144958496,-3.961276,-0.912501,-12.615761,0.35599,0.042376,0.073061
2.373000144958496,-3.961276,-0.912501,-12.615761,0.35599,0.042376,0.073061
2.373000144958496,-3.961276,-0.912501,-12.615761,0.35599,0.042376,0.073061
2.373000144958496,-3.961276,-0.912501,-12.615761,0.35599,0.042376,0.073061
2.373000144958496,-3.961276,-0.912501,-12.615761,0.35599,0.042376,0.073061
2.373000144958496,-3.961276,-0.912501,-12.615761,0.35599,0.042376,0.073061
2.373000144958496,-3.961276,-0.912501,-12.615761,0.35599,0.042376,0.073061
2.373000144958496,-3.961276,-0.912501,-12.615761,0.35599,0.042376,0.073061
2.373000144958496,-3.961276,-0.912501,-12.615761,0.35599,0.042376,0.073061
2.373000144958496,-3.961276,-0.912501,-12.615761,0.35599,0.042376,0.073061
2.373000144958496,-3.961276,-0.912501,-12.615761,0.35599,0.042376,0.073061
2.373000144958496,-3.961276,-0.912501,-12.615761,0.35599,0.042376,0.073061
2.373000144958496,-3.961276,-0.912501,-12.615761,0.35599,0.042376,0.073061
2.373000144958496,-3.961276,-0.912501,-12.615761,0.35599,0.042376,0.073061
2.373000144958496,-3.961276,-0.912501,-12.615761,0.35599,0.042376,0.073061
2.373000144958496,-3.961276,-0.912501,-12.615761,0.35599,0.042376,0.073061
2.373000144958496,-3.961276,-0.912501,-12.615761,0.35599,0.042376,0.073061
2.373000144958496,-3.961276,-0.912501,-12.615761,0.35599,0.042376,0.073061
2.373000144958496,-3.961276,-0.912501,-12.615761,0.35599,0.042376,0.073061
2.373000144958496,-3.961276,-0.912501,-12.615761,0.35599,0.042376,0.073061
2.373000144958496,-3.961276,-0.912501,-12.615761,0.35599,0.042376,0.073061
2.373000144958496,-3.961276,-0.912501,-12.615761,0.35599,0.042376,0.073061
2.373000144958496,-3.961276,-0.912501,-12.615761,0.35599,0.042376,0.073061
2.373000144958496,-3.961276,-0.912501,-12.615761,0.35599,0.042376,0.073061
2.373000144958496,-3.961276,-0.912501,-12.615761,0.35599,0.042376,0.073061
2.373000144958496,-3.961276,-0.912501,-12.615761,0.35599,0.042376,0.073061
2.373000144958496,-3.961276,-0.912501,-12.615761,0.35599,0.042376,0.073061
2.373000144958496,-3.961276,-0.912501,-12.615761,0.35599,0.042376,0.073061
2.373000144958496,-3.961276,-0.912501,-12.615761,0.35599,0.042376,0.073061
2.373000144958496,-3.961276,-0.912501,-12.615761,0.35599,0.042376,0.073061
2.373000144958496,-3.961276,-0.912501,-12.615761,0.35599,0.042376,0.073061
2.373000144958496,-3.961276,-0.912501,-12.615761,0.35599,0.042376,0.073061
2.373000144958496,-3.961276,-0.912501,-12.615761,0.35599,0.042376,0.073061
2.373000144958496,-3.961276,-0.912501,-12.615761,0.35599,0.042376,0.073061
2.373000144958496,-3.961276,-0.912501,-12.615761,0.35599,0.042376,0.073061
2.373000144958496,-3.961276,-0.912501,-12.615761,0.35599,0.042376,0.073061
2.373000144958496,-3.961276,-0.912501,-12.615761,0.35599,0.042376,0.073061
2.373000144958496,-3.961276,-0.912501,-12.615761,0.35599,0.042376,0.073061
2.373000144958496,-3.961276,-0.912501,-12.615761,0.35599,0.042376,0.073061
2.373000144958496,-3.961276,-0.912501,-12.615761,0.35599,0.042376,0.073061
2.373000144958496,-3.961276,-0.912501,-12.615761,0.35599,0.042376,0.073061
2.373000144958496,-3.961276,-0.912501,-12.615761,0.35599,0.042376,0.073061
2.373000144958496,-3.961276,-0.912501,-12.615761,0.35599,0.042376,0.073061
2.373000144958496,-3.961276,-0.912501,-12.615761,0.35599,0.042376,0.073061
2.373000144958496,-3.961276,-0.912501,-12.615761,0.35599,0.042376,0.073061
2.373000144958496,-3.961276,-0.912501,-12.615761,0.35599,0.042376,0.073061
2.373000144958496,-3.961276,-0.912501,-12.615761,0.35599,0.042376,0.073061
2.373000144958496,-3.961276,-0.912501,-12.615761,0.35599,0.042376,0.073061
2.373000144958496,-3.961276,-0.912501,-12.615761,0.35599,0.042376,0.073061
2.373000144958496,-3.961276,-0.912501,-12.615761,0.35599,0.042376,0.073061
2.373000144958496,-3.961276,-0.912501,-12.615761,0.35599,0.042376,0.073061
2.373000144958496,-3.961276,-0.912501,-12.615761,0.35599,0.042376,0.073061
2.373000144958496,-3.961276,-0.912501,-12.615761,0.35599,0.042376,0.073061
2.373000144958496,-3.961276,-0.912501,-12.615761,0.35599,0.042376,0.073061
2.373000144958496,-3.961276,-0.912501,-12.615761,0.35599,0.042376,0.073061
2.373000144958496,-3.961276,-0.912501,-12.615761,0.35599,0.042376,0.073061
2.373000144958496,-3.961276,-0.912501,-12.615761,0.35599,0.042376,0.073061
2.373000144958496,-3.961276,-0.912501,-12.615761,0.35599,0.042376,0.073061
2.373000144958496,-3.961276,-0.912501,-12.615761,0.35599,0.042376,0.073061
2.373000144958496,-3.961276,-0.912501,-12.615761,0.35599,0.042376,0.073061
2.373000144958496,-3.961276,-0.912501,-12.615761,0.35599,0.042376,0.073061
2.373000144958496,-3.961276,-0.912501,-12.615761,0.35599,0.042376,0.073061
2.373000144958496,-3.961276,-0.912501,-12.615761,0.35599,0.042376,0.073061
2.373000144958496,-3.961276,-0.912501,-12.615761,0.35599,0.042376,0.073061
2.373000144958496,-3.961276,-0.912501,-12.615761,0.35599,0.042376,0.073061
2.373000144958496,-3.961276,-0.912501,-12.615761,0.35599,0.042376,0.073061
2.373000144958496,-3.961276,-0.912501,-12.615761,0.35599,0.042376,0.073061
2.373000144958496,-3.961276,-0.912501,-12.615761,0.35599,0.042376,0.073061
2.373000144958496,-3.961276,-0.912501,-12.615761,0.35599,0.042376,0.073061
2.373000144958496,-3.961276,-0.912501,-12.615761,0.35599,0.042376,0.073061
2.373000144958496,-3.961276,-0.912501,-12.615761,0.35599,0.042376,0.073061
2.373000144958496,-3.961276,-0.912501,-12.615761,0.35599,0.042376,0.073061
2.373000144958496,-3.961276,-0.912501,-12.615761,0.35599,0.042376,0.073061
2.373000144958496,-3.961276,-0.912501,-12.615761,0.35599,0.042376,0.073061
2.373000144958496,-3.961276,-0.912501,-12.615761,0.35599,0.042376,0.073061
2.373000144958496,-3.961276,-0.912501,-12.615761,0.35599,0.042376,0.073061
2.373000144958496,-3.961276,-0.912501,-12.615761,0.35599,0.042376,0.073061
2.373000144958496,-3.961276,-0.912501,-12.615761,0.35599,0.042376,0.073061
2.373000144958496,-3.961276,-0.912501,-12.615761,0.35599,0.042376,0.073061
2.373000144958496,-3.961276,-0.912501,-12.615761,0.35599,0.042376,0.073061
2.373000144958496,-3.961276,-0.912501,-12.615761,0.35599,0.042376,0.073061
2.373000144958496,-3.961276,-0.912501,-12.615761,0.35599,0.042376,0.073061
2.373000144958496,-3.961276,-0.912501,-12.615761,0.35599,0.042376,0.073061
2.373000144958496,-3.961276,-0.912501,-12.615761,0.35599,0.042376,0.073061
2.373000144958496,-3.961276,-0.912501,-12.615761,0.35599,0.042376,0.073061
2.373000144958496,-3.961276,-0.912501,-12.615761,0.35599,0.042376,0.073061
2.373000144958496,-3.961276,-0.912501,-12.615761,0.35599,0.042376,0.073061
2.373000144958496,-3.961276,-0.912501,-12.615761,0.35599,0.042376,0.073061
2.373000144958496,-3.961276,-0.912501,-12.615761,0.35599,0.042376,0.073061
2.373000144958496,-3.961276,-0.912501,-12.615761,0.35599,0.042376,0.073061
2.373000144958496,-3.961276,-0.912501,-12.615761,0.35599,0.042376,0.073061
2.373000144958496,-3.961276,-0.912501,-12.615761,0.35599,0.042376,0.073061
2.373000144958496,-3.961276,-0.912501,-12.615761,0.35599,0.042376,0.073061
2.373000144958496,-3.961276,-0.912501,-12.615761,0.35599,0.042376,0.073061
2.373000144958496,-3.961276,-0.912501,-12.615761,0.35599,0.042376,0.073061
2.373000144958496,-3.961276,-0.912501,-12.615761,0.35599,0.042376,0.073061
2.373000144958496,-3.961276,-0.912501,-12.615761,0.35599,0.042376,0.073061
2.373000144958496,-3.961276,-0.912501,-12.615761,0.35599,0.042376,0.073061
2.373000144958496,-3.961276,-0.912501,-12.615761,0.35599,0.042376,0.073061
2.373000144958496,-3.961276,-0.912501,-12.615761,0.35599,0.042376,0.073061
2.373000144958496,-3.961276,-0.912501,-12.615761,0.35599,0.042376,0.073061
2.373000144958496,-3.961276,-0.912501,-12.615761,0.35599,0.042376,0.073061
2.373000144958496,-3.961276,-0.912501,-12.615761,0.35599,0.042376,0.073061
2.373000144958496,-3.961276,-0.912501,-12.615761,0.35599,0.042376,0.073061
2.373000144958496,-3.961276,-0.912501,-12.615761,0.35599,0.042376,0.073061
2.373000144958496,-3.961276,-0.912501,-12.615761,0.35599,0.042376,0.073061
2.373000144958496,-3.961276,-0.912501,-12.615761,0.35599,0.042376,0.073061
2.373000144958496,-3.961276,-0.912501,-12.615761,0.35599,0.042376,0.073061
2.373000144958496,-3.961276,-0.912501,-12.615761,0.35599,0.042376,0.073061
2.373000144958496,-3.961276,-0.912501,-12.615761,0.35599,0.042376,0.073061
2.373000144958496,-3.961276,-0.912501,-12.615761,0.35599,0.042376,0.073061
2.373000144958496,-3.961276,-0.912501,-12.615761,0.35599,0.042376,0.073061
2.373000144958496,-3.961276,-0.912501,-12.615761,0.35599,0.042376,0.073061
2.373000144958496,-3.961276,-0.912501,-12.615761,0.35599,0.042376,0.073061
2.373000144958496,-3.961276,-0.912501,-12.615761,0.35599,0.042376,0.073061
2.373000144958496,-3.961276,-0.912501,-12.615761,0.35599,0.042376,0.073061
2.373000144958496,-3.961276,-0.912501,-12.615761,0.35599,0.042376,0.073061
2.373000144958496,-3.961276,-0.912501,-12.615761,0.35599,0.042376,0.073061
2.373000144958496,-3.961276,-0.912501,-12.615761,0.35599,0.042376,0.073061
2.373000144958496,-3.961276,-0.912501,-12.615761,0.35599,0.042376,0.073061
2.373000144958496,-3.961276,-0.912501,-12.615761,0.35599,0.042376,0.073061
2.373000144958496,-3.961276,-0.912501,-12.615761,0.35599,0.042376,0.073061
2.373000144958496,-3.961276,-0.912501,-12.615761,0.35599,0.042376,0.073061
2.373000144958496,-3.961276,-0.912501,-12.615761,0.35599,0.042376,0.073061
2.373000144958496,-3.961276,-0.912501,-12.615761,0.35599,0.042376,0.073061
2.373000144958496,-3.961276,-0.912501,-12.615761,0.35599,0.042376,0.073061
2.373000144958496,-3.961276,-0.912501,-12.615761,0.35599,0.042376,0.073061
2.373000144958496,-3.961276,-0.912501,-12.615761,0.35599,0.042376,0.073061
2.373000144958496,-3.961276,-0.912501,-12.615761,0.35599,0.042376,0.073061
2.373000144958496,-3.961276,-0.912501,-12.615761,0.35599,0.042376,0.073061
2.373000144958496,-3.961276,-0.912501,-12.615761,0.35599,0.042376,0.073061
2.373000144958496,-3.961276,-0.912501,-12.615761,0.35599,0.042376,0.073061
2.373000144958496,-3.961276,-0.912501,-12.615761,0.35599,0.042376,0.073061
2.373000144958496,-3.961276,-0.912501,-12.615761,0.35599,0.042376,0.073061
2.373000144958496,-3.961276,-0.912501,-12.615761,0.35599,0.042376,0.073061
2.373000144958496,-3.961276,-0.912501,-12.615761,0.35599,0.042376,0.073061
2.373000144958496,-3.961276,-0.912501,-12.615761,0.35599,0.042376,0.073061
2.373000144958496,-3.961276,-0.912501,-12.615761,0.35599,0.042376,0.073061
2.373000144958496,-3.961276,-0.912501,-12.615761,0.35599,0.042376,0.073061
2.373000144958496,-3.961276,-0.912501,-12.615761,0.35599,0.042376,0.073061
2.373000144958496,-3.961276,-0.912501,-12.615761,0.35599,0.042376,0.073061
2.373000144958496,-3.961276,-0.912501,-12.615761,0.35599,0.042376,0.073061
2.373000144958496,-3.961276,-0.912501,-12.615761,0.35599,0.042376,0.073061
2.373000144958496,-3.961276,-0.912501,-12.615761,0.35599,0.042376,0.073061
2.373000144958496,-3.961276,-0.912501,-12.615761,0.35599,0.042376,0.073061
2.373000144958496,-3.961276,-0.912501,-12.615761,0.35599,0.042376,0.073061
2.373000144958496,-3.961276,-0.912501,-12.615761,0.35599,0.042376,0.073061
2.373000144958496,-3.961276,-0.912501,-12.615761,0.35599,0.042376,0.073061
2.373000144958496,-3.961276,-0.912501,-12.615761,0.35599,0.042376,0.073061
2.373000144958496,-3.961276,-0.912501,-12.615761,0.35599,0.042376,0.073061
2.373000144958496,-3.961276,-0.912501,-12.615761,0.35599,0.042376,0.073061
2.373000144958496,-3.961276,-0.912501,-12.615761,0.35599,0.042376,0.073061
2.373000144958496,-3.961276,-0.912501,-12.615761,0.35599,0.042376,0.073061
2.373000144958496,-3.961276,-0.912501,-12.615761,0.35599,0.042376,0.073061
2.373000144958496,-3.961276,-0.912501,-12.615761,0.35599,0.042376,0.073061
2.373000144958496,-3.961276,-0.912501,-12.615761,0.35599,0.042376,0.073061
2.373000144958496,-3.961276,-0.912501,-12.615761,0.35599,0.042376,0.073061
2.373000144958496,-3.961276,-0.912501,-12.615761,0.35599,0.042376,0.073061
2.373000144958496,-3.961276,-0.912501,-12.615761,0.35599,0.042376,0.073061
2.373000144958496,-3.961276,-0.912501,-12.615761,0.35599,0.042376,0.073061
2.373000144958496,-3.961276,-0.912501,-12.615761,0.35599,0.042376,0.073061
2.373000144958496,-3.961276,-0.912501,-12.615761,0.35599,0.042376,0.073061
2.373000144958496,-3.961276,-0.912501,-12.615761,0.35599,0.042376,0.073061
2.373000144958496,-3.961276,-0.912501,-12.615761,0.35599,0.042376,0.073061
2.373000144958496,-3.961276,-0.912501,-12.615761,0.35599,0.042376,0.073061
2.373000144958496,-3.961276,-0.912501,-12.615761,0.35599,0.042376,0.073061
2.373000144958496,-3.961276,-0.912501,-12.615761,0.35599,0.042376,0.073061
2.373000144958496,-3.961276,-0.912501,-12.615761,0.35599,0.042376,0.073061
2.373000144958496,-3.961276,-0.912501,-12.615761,0.35599,0.042376,0.073061
2.373000144958496,-3.961276,-0.912501,-12.615761,0.35599,0.042376,0.073061
2.373000144958496,-3.961276,-0.912501,-12.615761,0.35599,0.042376,0.073061
2.373000144958496,-3.961276,-0.912501,-12.615761,0.35599,0.042376,0.073061
2.373000144958496,-3.961276,-0.912501,-12.615761,0.35599,0.042376,0.073061
2.373000144958496,-3.961276,-0.912501,-12.615761,0.35599,0.042376,0.073061
2.373000144958496,-3.961276,-0.912501,-12.615761,0.35599,0.042376,0.073061
2.373000144958496,-3.961276,-0.912501,-12.615761,0.35599,0.042376,0.073061
2.373000144958496,-3.961276,-0.912501,-12.615761,0.35599,0.042376,0.073061
2.373000144958496,-3.961276,-0.912501,-12.615761,0.35599,0.042376,0.073061
2.373000144958496,-3.961276,-0.912501,-12.615761,0.35599,0.042376,0.073061
2.373000144958496,-3.961276,-0.912501,-12.615761,0.35599,0.042376,0.073061
2.373000144958496,-3.961276,-0.912501,-12.615761,0.35599,0.042376,0.073061
2.373000144958496,-3.961276,-0.912501,-12.615761,0.35599,0.042376,0.073061
2.373000144958496,-3.961276,-0.912501,-12.615761,0.35599,0.042376,0.073061
2.373000144958496,-3.961276,-0.912501,-12.615761,0.35599,0.042376,0.073061
2.373000144958496,-3.961276,-0.912501,-12.615761,0.35599,0.042376,0.073061
2.373000144958496,-3.961276,-0.912501,-12.615761,0.35599,0.042376,0.073061
2.373000144958496,-3.961276,-0.912501,-12.615761,0.35599,0.042376,0.073061
2.373000144958496,-3.961276,-0.912501,-12.615761,0.35599,0.042376,0.073061
2.373000144958496,-3.961276,-0.912501,-12.615761,0.35599,0.042376,0.073061
2.373000144958496,-3.961276,-0.912501,-12.615761,0.35599,0.042376,0.073061
2.373000144958496,-3.961276,-0.912501,-12.615761,0.35599,0.042376,0.073061
2.373000144958496,-3.961276,-0.912501,-12.615761,0.35599,0.042376,0.073061
2.373000144958496,-3.961276,-0.912501,-12.615761,0.35599,0.042376,0.073061
2.373000144958496,-3.961276,-0.912501,-12.615761,0.35599,0.042376,0.073061
2.373000144958496,-3.961276,-0.912501,-12.615761,0.35599,0.042376,0.073061
2.373000144958496,-3.961276,-0.912501,-12.615761,0.35599,0.042376,0.073061
2.373000144958496,-3.961276,-0.912501,-12.615761,0.35599,0.042376,0.073061
2.373000144958496,-3.961276,-0.912501,-12.615761,0.35599,0.042376,0.073061
2.373000144958496,-3.961276,-0.912501,-12.615761,0.35599,0.042376,0.073061
2.373000144958496,-3.961276,-0.912501,-12.615761,0.35599,0.042376,0.073061
2.373000144958496,-3.961276,-0.912501,-12.615761,0.35599,0.042376,0.073061
2.373000144958496,-3.961276,-0.912501,-12.615761,0.35599,0.042376,0.073061
2.373000144958496,-3.961276,-0.912501,-12.615761,0.35599,0.042376,0.073061
2.373000144958496,-3.961276,-0.912501,-12.615761,0.35599,0.042376,0.073061
2.373000144958496,-3.961276,-0.912501,-12.615761,0.35599,0.042376,0.073061
2.373000144958496,-3.961276,-0.912501,-12.615761,0.35599,0.042376,0.073061
2.373000144958496,-3.961276,-0.912501,-12.615761,0.35599,0.042376,0.073061
2.373000144958496,-3.961276,-0.912501,-12.615761,0.35599,0.042376,0.073061
2.373000144958496,-3.961276,-0.912501,-12.615761,0.35599,0.042376,0.073061
2.373000144958496,-3.961276,-0.912501,-12.615761,0.35599,0.042376,0.073061
2.373000144958496,-3.961276,-0.912501,-12.615761,0.35599,0.042376,0.073061
2.373000144958496,-3.961276,-0.912501,-12.615761,0.35599,0.042376,0.073061
2.373000144958496,-3.961276,-0.912501,-12.615761,0.35599,0.042376,0.073061
2.373000144958496,-3.961276,-0.912501,-12.615761,0.35599,0.042376,0.073061
2.373000144958496,-3.961276,-0.912501,-12.615761,0.35599,0.042376,0.073061
2.373000144958496,-3.961276,-0.912501,-12.615761,0.35599,0.042376,0.073061
2.373000144958496,-3.961276,-0.912501,-12.615761,0.35599,0.042376,0.073061
2.373000144958496,-3.961276,-0.912501,-12.615761,0.35599,0.042376,0.073061
2.373000144958496,-3.961276,-0.912501,-12.615761,0.35599,0.042376,0.073061
2.373000144958496,-3.961276,-0.912501,-12.615761,0.35599,0.042376,0.073061
2.373000144958496,-3.961276,-0.912501,-12.615761,0.35599,0.042376,0.073061
2.373000144958496,-3.961276,-0.912501,-12.615761,0.35599,0.042376,0.073061
2.373000144958496,-3.961276,-0.912501,-12.615761,0.35599,0.042376,0.073061
2.373000144958496,-3.961276,-0.912501,-12.615761,0.35599,0.042376,0.073061
2.373000144958496,-3.961276,-0.912501,-12.615761,0.35599,0.042376,0.073061
2.373000144958496,-3.961276,-0.912501,-12.615761,0.35599,0.042376,0.073061
2.373000144958496,-3.961276,-0.912501,-12.615761,0.35599,0.042376,0.073061
2.373000144958496,-3.961276,-0.912501,-12.615761,0.35599,0.042376,0.073061
2.373000144958496,-3.961276,-0.912501,-12.615761,0.35599,0.042376,0.073061
2.373000144958496,-3.961276,-0.912501,-12.615761,0.35599,0.042376,0.073061
2.373000144958496,-3.961276,-0.912501,-12.615761,0.35599,0.042376,0.073061
2.373000144958496,-3.961276,-0.912501,-12.615761,0.35599,0.042376,0.073061
2.373000144958496,-3.961276,-0.912501,-12.615761,0.35599,0.042376,0.073061
2.373000144958496,-3.961276,-0.912501,-12.615761,0.35599,0.042376,0.073061
2.373000144958496,-3.961276,-0.912501,-12.615761,0.35599,0.042376,0.073061
2.373000144958496,-3.961276,-0.912501,-12.615761,0.35599,0.042376,0.073061
2.373000144958496,-3.961276,-0.912501,-12.615761,0.35599,0.042376,0.073061
2.373000144958496,-3.961276,-0.912501,-12.615761,0.35599,0.042376,0.073061
2.373000144958496,-3.961276,-0.912501,-12.615761,0.35599,0.042376,0.073061
2.373000144958496,-3.961276,-0.912501,-12.615761,0.35599,0.042376,0.073061
2.373000144958496,-3.961276,-0.912501,-12.615761,0.35599,0.042376,0.073061
2.373000144958496,-3.961276,-0.912501,-12.615761,0.35599,0.042376,0.073061
2.373000144958496,-3.961276,-0.912501,-12.615761,0.35599,0.042376,0.073061
2.373000144958496,-3.961276,-0.912501,-12.615761,0.35599,0.042376,0.073061
2.373000144958496,-3.961276,-0.912501,-12.615761,0.35599,0.042376,0.073061
2.373000144958496,-3.961276,-0.912501,-12.615761,0.35599,0.042376,0.073061
2.373000144958496,-3.961276,-0.912501,-12.615761,0.35599,0.042376,0.073061
2.373000144958496,-3.961276,-0.912501,-12.615761,0.35599,0.042376,0.073061
2.373000144958496,-3.961276,-0.912501,-12.615761,0.35599,0.042376,0.073061
2.373000144958496,-3.961276,-0.912501,-12.615761,0.35599,0.042376,0.073061
2.373000144958496,-3.961276,-0.912501,-12.615761,0.35599,0.042376,0.073061
2.373000144958496,-3.961276,-0.912501,-12.615761,0.35599,0.042376,0.073061
2.373000144958496,-3.961276,-0.912501,-12.615761,0.35599,0.042376,0.073061
2.373000144958496,-3.961276,-0.912501,-12.615761,0.35599,0.042376,0.073061
2.373000144958496,-3.961276,-0.912501,-12.615761,0.35599,0.042376,0.073061
2.373000144958496,-3.961276,-0.912501,-12.615761,0.35599,0.042376,0.073061
2.373000144958496,-3.961276,-0.912501,-12.615761,0.35599,0.042376,0.073061
2.373000144958496,-3.961276,-0.912501,-12.615761,0.35599,0.042376,0.073061
2.373000144958496,-3.961276,-0.912501,-12.615761,0.35599,0.042376,0.073061
2.373000144958496,-3.961276,-0.912501,-12.615761,0.35599,0.042376,0.073061
2.373000144958496,-3.961276,-0.912501,-12.615761,0.35599,0.042376,0.073061
2.373000144958496,-3.961276,-0.912501,-12.615761,0.35599,0.042376,0.073061
2.373000144958496,-3.961276,-0.912501,-12.615761,0.35599,0.042376,0.073061
2.373000144958496,-3.961276,-0.912501,-12.615761,0.35599,0.042376,0.073061
2.373000144958496,-3.961276,-0.912501,-12.615761,0.35599,0.042376,0.073061
2.373000144958496,-3.961276,-0.912501,-12.615761,0.35599,0.042376,0.073061
2.373000144958496,-3.961276,-0.912501,-12.615761,0.35599,0.042376,0.073061
2.373000144958496,-3.961276,-0.912501,-12.615761,0.35599,0.042376,0.073061
2.373000144958496,-3.961276,-0.912501,-12.615761,0.35599,0.042376,0.073061
2.373000144958496,-3.961276,-0.912501,-12.615761,0.35599,0.042376,0.073061
2.373000144958496,-3.961276,-0.912501,-12.615761,0.35599,0.042376,0.073061
2.373000144958496,-3.961276,-0.912501,-12.615761,0.35599,0.042376,0.073061
2.373000144958496,-3.961276,-0.912501,-12.615761,0.35599,0.042376,0.073061
2.373000144958496,-3.961276,-0.912501,-12.615761,0.35599,0.042376,0.073061
2.373000144958496,-3.961276,-0.912501,-12.615761,0.35599,0.042376,0.073061
2.373000144958496,-3.961276,-0.912501,-12.615761,0.35599,0.042376,0.073061
2.373000144958496,-3.961276,-0.912501,-12.615761,0.35599,0.042376,0.073061
2.373000144958496,-3.961276,-0.912501,-12.615761,0.35599,0.042376,0.073061
2.373000144958496,-3.961276,-0.912501,-12.615761,0.35599,0.042376,0.073061
2.373000144958496,-3.961276,-0.912501,-12.615761,0.35599,0.042376,0.073061
2.373000144958496,-3.961276,-0.912501,-12.615761,0.35599,0.042376,0.073061
2.373000144958496,-3.961276,-0.912501,-12.615761,0.35599,0.042376,0.073061
2.373000144958496,-3.961276,-0.912501,-12.615761,0.35599,0.042376,0.073061
2.373000144958496,-3.961276,-0.912501,-12.615761,0.35599,0.042376,0.073061
2.373000144958496,-3.961276,-0.912501,-12.615761,0.35599,0.042376,0.073061
2.373000144958496,-3.961276,-0.912501,-12.615761,0.35599,0.042376,0.073061
2.373000144958496,-3.961276,-0.912501,-12.615761,0.35599,0.042376,0.073061
2.373000144958496,-3.961276,-0.912501,-12.615761,0.35599,0.042376,0.073061
2.373000144958496,-3.961276,-0.912501,-12.615761,0.35599,0.042376,0.073061
2.373000144958496,-3.961276,-0.912501,-12.615761,0.35599,0.042376,0.073061
2.373000144958496,-3.961276,-0.912501,-12.615761,0.35599,0.042376,0.073061
2.373000144958496,-3.961276,-0.912501,-12.615761,0.35599,0.042376,0.073061
2.373000144958496,-3.961276,-0.912501,-12.615761,0.35599,0.042376,0.073061
2.373000144958496,-3.961276,-0.912501,-12.615761,0.35599,0.042376,0.073061
2.373000144958496,-3.961276,-0.912501,-12.615761,0.35599,0.042376,0.073061
2.373000144958496,-3.961276,-0.912501,-12.615761,0.35599,0.042376,0.073061
2.373000144958496,-3.961276,-0.912501,-12.615761,0.35599,0.042376,0.073061
2.373000144958496,-3.961276,-0.912501,-12.615761,0.35599,0.042376,0.073061
2.373000144958496,-3.961276,-0.912501,-12.615761,0.35599,0.042376,0.073061
2.373000144958496,-3.961276,-0.912501,-12.615761,0.35599,0.042376,0.073061
2.373000144958496,-3.961276,-0.912501,-12.615761,0.35599,0.042376,0.073061
2.373000144958496,-3.961276,-0.912501,-12.615761,0.35599,0.042376,0.073061
2.373000144958496,-3.961276,-0.912501,-12.615761,0.35599,0.042376,0.073061
2.373000144958496,-3.961276,-0.912501,-12.615761,0.35599,0.042376,0.073061
2.373000144958496,-3.961276,-0.912501,-12.615761,0.35599,0.042376,0.073061
2.373000144958496,-3.961276,-0.912501,-12.615761,0.35599,0.042376,0.073061
2.373000144958496,-3.961276,-0.912501,-12.615761,0.35599,0.042376,0.073061
2.373000144958496,-3.961276,-0.912501,-12.615761,0.35599,0.042376,0.073061
2.373000144958496,-3.961276,-0.912501,-12.615761,0.35599,0.042376,0.073061
2.373000144958496,-3.961276,-0.912501,-12.615761,0.35599,0.042376,0.073061
2.373000144958496,-3.961276,-0.912501,-12.615761,0.35599,0.042376,0.073061
2.373000144958496,-3.961276,-0.912501,-12.615761,0.35599,0.042376,0.073061
2.373000144958496,-3.961276,-0.912501,-12.615761,0.35599,0.042376,0.073061
2.373000144958496,-3.961276,-0.912501,-12.615761,0.35599,0.042376,0.073061
2.373000144958496,-3.961276,-0.912501,-12.615761,0.35599,0.042376,0.073061
2.373000144958496,-3.961276,-0.912501,-12.615761,0.35599,0.042376,0.073061
2.373000144958496,-3.961276,-0.912501,-12.615761,0.35599,0.042376,0.073061
2.373000144958496,-3.961276,-0.912501,-12.615761,0.35599,0.042376,0.073061
2.373000144958496,-3.961276,-0.912501,-12.615761,0.35599,0.042376,0.073061
2.373000144958496,-3.961276,-0.912501,-12.615761,0.35599,0.042376,0.073061
2.373000144958496,-3.961276,-0.912501,-12.615761,0.35599,0.042376,0.073061
2.373000144958496,-3.961276,-0.912501,-12.615761,0.35599,0.042376,0.073061
2.373000144958496,-3.961276,-0.912501,-12.615761,0.35599,0.042376,0.073061
2.373000144958496,-3.961276,-0.912501,-12.615761,0.35599,0.042376,0.073061
2.373000144958496,-3.961276,-0.912501,-12.615761,0.35599,0.042376,0.073061
2.373000144958496,-3.961276,-0.912501,-12.615761,0.35599,0.042376,0.073061
2.373000144958496,-3.961276,-0.912501,-12.615761,0.35599,0.042376,0.073061
2.373000144958496,-3.961276,-0.912501,-12.615761,0.35599,0.042376,0.073061
2.373000144958496,-3.961276,-0.912501,-12.615761,0.35599,0.042376,0.073061
2.373000144958496,-3.961276,-0.912501,-12.615761,0.35599,0.042376,0.073061
2.373000144958496,-3.961276,-0.912501,-12.615761,0.35599,0.042376,0.073061
2.373000144958496,-3.961276,-0.912501,-12.615761,0.35599,0.042376,0.073061
2.373000144958496,-3.961276,-0.912501,-12.615761,0.35599,0.042376,0.073061
2.373000144958496,-3.961276,-0.912501,-12.615761,0.35599,0.042376,0.073061
2.373000144958496,-3.961276,-0.912501,-12.615761,0.35599,0.042376,0.073061
2.373000144958496,-3.961276,-0.912501,-12.615761,0.35599,0.042376,0.073061
2.373000144958496,-3.961276,-0.912501,-12.615761,0.35599,0.042376,0.073061
2.373000144958496,-3.961276,-0.912501,-12.615761,0.35599,0.042376,0.073061
2.373000144958496,-3.961276,-0.912501,-12.615761,0.35599,0.042376,0.073061
2.373000144958496,-3.961276,-0.912501,-12.615761,0.35599,0.042376,0.073061
2.373000144958496,-3.961276,-0.912501,-12.615761,0.35599,0.042376,0.073061
2.373000144958496,-3.961276,-0.912501,-12.615761,0.35599,0.042376,0.073061
2.373000144958496,-3.961276,-0.912501,-12.615761,0.35599,0.042376,0.073061
2.373000144958496,-3.961276,-0.912501,-12.615761,0.35599,0.042376,0.073061
2.373000144958496,-3.961276,-0.912501,-12.615761,0.35599,0.042376,0.073061
2.373000144958496,-3.961276,-0.912501,-12.615761,0.35599,0.042376,0.073061
2.373000144958496,-3.961276,-0.912501,-12.615761,0.35599,0.042376,0.073061
2.373000144958496,-3.961276,-0.912501,-12.615761,0.35599,0.042376,0.073061
2.373000144958496,-3.961276,-0.912501,-12.615761,0.35599,0.042376,0.073061
2.373000144958496,-3.961276,-0.912501,-12.615761,0.35599,0.042376,0.073061
2.373000144958496,-3.961276,-0.912501,-12.615761,0.35599,0.042376,0.073061
2.373000144958496,-3.961276,-0.912501,-12.615761,0.35599,0.042376,0.073061
2.373000144958496,-3.961276,-0.912501,-12.615761,0.35599,0.042376,0.073061
2.373000144958496,-3.961276,-0.912501,-12.615761,0.35599,0.042376,0.073061
2.373000144958496,-3.961276,-0.912501,-12.615761,0.35599,0.042376,0.073061
2.373000144958496,-3.961276,-0.912501,-12.615761,0.35599,0.042376,0.073061
2.373000144958496,-3.961276,-0.912501,-12.615761,0.35599,0.042376,0.073061
2.373000144958496,-3.961276,-0.912501,-12.615761,0.35599,0.042376,0.073061
2.373000144958496,-3.961276,-0.912501,-12.615761,0.35599,0.042376,0.073061
2.373000144958496,-3.961276,-0.912501,-12.615761,0.35599,0.042376,0.073061
2.373000144958496,-3.961276,-0.912501,-12.615761,0.35599,0.042376,0.073061
2.373000144958496,-3.961276,-0.912501,-12.615761,0.35599,0.042376,0.073061
2.373000144958496,-3.961276,-0.912501,-12.615761,0.35599,0.042376,0.073061
2.373000144958496,-3.961276,-0.912501,-12.615761,0.35599,0.042376,0.073061
2.373000144958496,-3.961276,-0.912501,-12.615761,0.35599,0.042376,0.073061
2.373000144958496,-3.961276,-0.912501,-12.615761,0.35599,0.042376,0.073061
2.373000144958496,-3.961276,-0.912501,-12.615761,0.35599,0.042376,0.073061
2.373000144958496,-3.961276,-0.912501,-12.615761,0.35599,0.042376,0.073061
2.373000144958496,-3.961276,-0.912501,-12.615761,0.35599,0.042376,0.073061
2.373000144958496,-3.961276,-0.912501,-12.615761,0.35599,0.042376,0.073061
2.373000144958496,-3.961276,-0.912501,-12.615761,0.35599,0.042376,0.073061
2.373000144958496,-3.961276,-0.912501,-12.615761,0.35599,0.042376,0.073061
2.373000144958496,-3.961276,-0.912501,-12.615761,0.35599,0.042376,0.073061
2.373000144958496,-3.961276,-0.912501,-12.615761,0.35599,0.042376,0.073061
2.373000144958496,-3.961276,-0.912501,-12.615761,0.35599,0.042376,0.073061
2.373000144958496,-3.961276,-0.912501,-12.615761,0.35599,0.042376,0.073061
2.373000144958496,-3.961276,-0.912501,-12.615761,0.35599,0.042376,0.073061
2.373000144958496,-3.961276,-0.912501,-12.615761,0.35599,0.042376,0.073061
2.373000144958496,-3.961276,-0.912501,-12.615761,0.35599,0.042376,0.073061
2.373000144958496,-3.961276,-0.912501,-12.615761,0.35599,0.042376,0.073061
2.373000144958496,-3.961276,-0.912501,-12.615761,0.35599,0.042376,0.073061
2.373000144958496,-3.961276,-0.912501,-12.615761,0.35599,0.042376,0.073061
2.373000144958496,-3.961276,-0.912501,-12.615761,0.35599,0.042376,0.073061
2.373000144958496,-3.961276,-0.912501,-12.615761,0.35599,0.042376,0.073061
2.373000144958496,-3.961276,-0.912501,-12.615761,0.35599,0.042376,0.073061
2.373000144958496,-3.961276,-0.912501,-12.615761,0.35599,0.042376,0.073061
2.373000144958496,-3.961276,-0.912501,-12.615761,0.35599,0.042376,0.073061
2.373000144958496,-3.961276,-0.912501,-12.615761,0.35599,0.042376,0.073061
2.373000144958496,-3.961276,-0.912501,-12.615761,0.35599,0.042376,0.073061
2.373000144958496,-3.961276,-0.912501,-12.615761,0.35599,0.042376,0.073061
2.373000144958496,-3.961276,-0.912501,-12.615761,0.35599,0.042376,0.073061
2.373000144958496,-3.961276,-0.912501,-12.615761,0.35599,0.042376,0.073061
2.373000144958496,-3.961276,-0.912501,-12.615761,0.35599,0.042376,0.073061
2.373000144958496,-3.961276,-0.912501,-12.615761,0.35599,0.042376,0.073061
2.373000144958496,-3.961276,-0.912501,-12.615761,0.35599,0.042376,0.073061
2.373000144958496,-3.961276,-0.912501,-12.615761,0.35599,0.042376,0.073061
2.373000144958496,-3.961276,-0.912501,-12.615761,0.35599,0.042376,0.073061
2.373000144958496,-3.961276,-0.912501,-12.615761,0.35599,0.042376,0.073061
2.373000144958496,-3.961276,-0.912501,-12.615761,0.35599,0.042376,0.073061
2.373000144958496,-3.961276,-0.912501,-12.615761,0.35599,0.042376,0.073061
2.373000144958496,-3.961276,-0.912501,-12.615761,0.35599,0.042376,0.073061
2.373000144958496,-3.961276,-0.912501,-12.615761,0.35599,0.042376,0.073061
2.373000144958496,-3.961276,-0.912501,-12.615761,0.35599,0.042376,0.073061
2.373000144958496,-3.961276,-0.912501,-12.615761,0.35599,0.042376,0.073061
2.373000144958496,-3.961276,-0.912501,-12.615761,0.35599,0.042376,0.073061
2.373000144958496,-3.961276,-0.912501,-12.615761,0.35599,0.042376,0.073061
2.373000144958496,-3.961276,-0.912501,-12.615761,0.35599,0.042376,0.073061
2.373000144958496,-3.961276,-0.912501,-12.615761,0.35599,0.042376,0.073061
2.373000144958496,-3.961276,-0.912501,-12.615761,0.35599,0.042376,0.073061
2.373000144958496,-3.961276,-0.912501,-12.615761,0.35599,0.042376,0.073061
2.373000144958496,-3.961276,-0.912501,-12.615761,0.35599,0.042376,0.073061
2.373000144958496,-3.961276,-0.912501,-12.615761,0.35599,0.042376,0.073061
2.373000144958496,-3.961276,-0.912501,-12.615761,0.35599,0.042376,0.073061
2.373000144958496,-3.961276,-0.912501,-12.615761,0.35599,0.042376,0.073061
2.373000144958496,-3.961276,-0.912501,-12.615761,0.35599,0.042376,0.073061
2.373000144958496,-3.961276,-0.912501,-12.615761,0.35599,0.042376,0.073061
2.373000144958496,-3.961276,-0.912501,-12.615761,0.35599,0.042376,0.073061
2.373000144958496,-3.961276,-0.912501,-12.615761,0.35599,0.042376,0.073061
2.373000144958496,-3.961276,-0.912501,-12.615761,0.35599,0.042376,0.073061
2.373000144958496,-3.961276,-0.912501,-12.615761,0.35599,0.042376,0.073061
2.373000144958496,-3.961276,-0.912501,-12.615761,0.35599,0.042376,0.073061
2.373000144958496,-3.961276,-0.912501,-12.615761,0.35599,0.042376,0.073061
2.373000144958496,-3.961276,-0.912501,-12.615761,0.35599,0.042376,0.073061
2.373000144958496,-3.961276,-0.912501,-12.615761,0.35599,0.042376,0.073061
2.373000144958496,-3.961276,-0.912501,-12.615761,0.35599,0.042376,0.073061
2.373000144958496,-3.961276,-0.912501,-12.615761,0.35599,0.042376,0.073061
2.373000144958496,-3.961276,-0.912501,-12.615761,0.35599,0.042376,0.073061
2.373000144958496,-3.961276,-0.912501,-12.615761,0.35599,0.042376,0.073061
2.373000144958496,-3.961276,-0.912501,-12.615761,0.35599,0.042376,0.073061
2.373000144958496,-3.961276,-0.912501,-12.615761,0.35599,0.042376,0.073061
2.373000144958496,-3.961276,-0.912501,-12.615761,0.35599,0.042376,0.073061
2.373000144958496,-3.961276,-0.912501,-12.615761,0.35599,0.042376,0.073061
2.373000144958496,-3.961276,-0.912501,-12.615761,0.35599,0.042376,0.073061
2.373000144958496,-3.961276,-0.912501,-12.615761,0.35599,0.042376,0.073061
2.373000144958496,-3.961276,-0.912501,-12.615761,0.35599,0.042376,0.073061
2.373000144958496,-3.961276,-0.912501,-12.615761,0.35599,0.042376,0.073061
2.373000144958496,-3.961276,-0.912501,-12.615761,0.35599,0.042376,0.073061
2.373000144958496,-3.961276,-0.912501,-12.615761,0.35599,0.042376,0.073061
2.373000144958496,-3.961276,-0.912501,-12.615761,0.35599,0.042376,0.073061
2.373000144958496,-3.961276,-0.912501,-12.615761,0.35599,0.042376,0.073061
2.373000144958496,-3.961276,-0.912501,-12.615761,0.35599,0.042376,0.073061
2.373000144958496,-3.961276,-0.912501,-12.615761,0.35599,0.042376,0.073061
2.373000144958496,-3.961276,-0.912501,-12.615761,0.35599,0.042376,0.073061
2.373000144958496,-3.961276,-0.912501,-12.615761,0.35599,0.042376,0.073061
2.373000144958496,-3.961276,-0.912501,-12.615761,0.35599,0.042376,0.073061
2.373000144958496,-3.961276,-0.912501,-12.615761,0.35599,0.042376,0.073061
2.373000144958496,-3.961276,-0.912501,-12.615761,0.35599,0.042376,0.073061
2.373000144958496,-3.961276,-0.912501,-12.615761,0.35599,0.042376,0.073061
2.373000144958496,-3.961276,-0.912501,-12.615761,0.35599,0.042376,0.073061
2.373000144958496,-3.961276,-0.912501,-12.615761,0.35599,0.042376,0.073061
2.373000144958496,-3.961276,-0.912501,-12.615761,0.35599,0.042376,0.073061
2.373000144958496,-3.961276,-0.912501,-12.615761,0.35599,0.042376,0.073061
2.373000144958496,-3.961276,-0.912501,-12.615761,0.35599,0.042376,0.073061
2.373000144958496,-3.961276,-0.912501,-12.615761,0.35599,0.042376,0.073061
2.373000144958496,-3.961276,-0.912501,-12.615761,0.35599,0.042376,0.073061
2.373000144958496,-3.961276,-0.912501,-12.615761,0.35599,0.042376,0.073061
2.373000144958496,-3.961276,-0.912501,-12.615761,0.35599,0.042376,0.073061
2.373000144958496,-3.961276,-0.912501,-12.615761,0.35599,0.042376,0.073061
2.373000144958496,-3.961276,-0.912501,-12.615761,0.35599,0.042376,0.073061
2.373000144958496,-3.961276,-0.912501,-12.615761,0.35599,0.042376,0.073061
2.373000144958496,-3.961276,-0.912501,-12.615761,0.35599,0.042376,0.073061
2.373000144958496,-3.961276,-0.912501,-12.615761,0.35599,0.042376,0.073061
2.373000144958496,-3.961276,-0.912501,-12.615761,0.35599,0.042376,0.073061
2.373000144958496,-3.961276,-0.912501,-12.615761,0.35599,0.042376,0.073061
2.373000144958496,-3.961276,-0.912501,-12.615761,0.35599,0.042376,0.073061
2.373000144958496,-3.961276,-0.912501,-12.615761,0.35599,0.042376,0.073061
2.373000144958496,-3.961276,-0.912501,-12.615761,0.35599,0.042376,0.073061
2.373000144958496,-3.961276,-0.912501,-12.615761,0.35599,0.042376,0.073061
2.373000144958496,-3.961276,-0.912501,-12.615761,0.35599,0.042376,0.073061
2.373000144958496,-3.961276,-0.912501,-12.615761,0.35599,0.042376,0.073061
2.373000144958496,-3.961276,-0.912501,-12.615761,0.35599,0.042376,0.073061
2.373000144958496,-3.961276,-0.912501,-12.615761,0.35599,0.042376,0.073061
2.373000144958496,-3.961276,-0.912501,-12.615761,0.35599,0.042376,0.073061
2.373000144958496,-3.961276,-0.912501,-12.615761,0.35599,0.042376,0.073061
2.373000144958496,-3.961276,-0.912501,-12.615761,0.35599,0.042376,0.073061
2.373000144958496,-3.961276,-0.912501,-12.615761,0.35599,0.042376,0.073061
2.373000144958496,-3.961276,-0.912501,-12.615761,0.35599,0.042376,0.073061
2.373000144958496,-3.961276,-0.912501,-12.615761,0.35599,0.042376,0.073061
2.373000144958496,-3.961276,-0.912501,-12.615761,0.35599,0.042376,0.073061
2.373000144958496,-3.961276,-0.912501,-12.615761,0.35599,0.042376,0.073061
2.373000144958496,-3.961276,-0.912501,-12.615761,0.35599,0.042376,0.073061
2.373000144958496,-3.961276,-0.912501,-12.615761,0.35599,0.042376,0.073061
2.373000144958496,-3.961276,-0.912501,-12.615761,0.35599,0.042376,0.073061
2.373000144958496,-3.961276,-0.912501,-12.615761,0.35599,0.042376,0.073061
2.373000144958496,-3.961276,-0.912501,-12.615761,0.35599,0.042376,0.073061
2.373000144958496,-3.961276,-0.912501,-12.615761,0.35599,0.042376,0.073061
2.373000144958496,-3.961276,-0.912501,-12.615761,0.35599,0.042376,0.073061
2.373000144958496,-3.961276,-0.912501,-12.615761,0.35599,0.042376,0.073061
2.373000144958496,-3.961276,-0.912501,-12.615761,0.35599,0.042376,0.073061
2.373000144958496,-3.961276,-0.912501,-12.615761,0.35599,0.042376,0.073061
2.373000144958496,-3.961276,-0.912501,-12.615761,0.35599,0.042376,0.073061
2.373000144958496,-3.961276,-0.912501,-12.615761,0.35599,0.042376,0.073061
2.373000144958496,-3.961276,-0.912501,-12.615761,0.35599,0.042376,0.073061
2.373000144958496,-3.961276,-0.912501,-12.615761,0.35599,0.042376,0.073061
2.373000144958496,-3.961276,-0.912501,-12.615761,0.35599,0.042376,0.073061
2.373000144958496,-3.961276,-0.912501,-12.615761,0.35599,0.042376,0.073061
2.373000144958496,-3.961276,-0.912501,-12.615761,0.35599,0.042376,0.073061
2.373000144958496,-3.961276,-0.912501,-12.615761,0.35599,0.042376,0.073061
2.373000144958496,-3.961276,-0.912501,-12.615761,0.35599,0.042376,0.073061
2.373000144958496,-3.961276,-0.912501,-12.615761,0.35599,0.042376,0.073061
2.373000144958496,-3.961276,-0.912501,-12.615761,0.35599,0.042376,0.073061
2.373000144958496,-3.961276,-0.912501,-12.615761,0.35599,0.042376,0.073061
2.373000144958496,-3.961276,-0.912501,-12.615761,0.35599,0.042376,0.073061
2.373000144958496,-3.961276,-0.912501,-12.615761,0.35599,0.042376,0.073061
2.373000144958496,-3.961276,-0.912501,-12.615761,0.35599,0.042376,0.073061
2.373000144958496,-3.961276,-0.912501,-12.615761,0.35599,0.042376,0.073061
2.373000144958496,-3.961276,-0.912501,-12.615761,0.35599,0.042376,0.073061
2.373000144958496,-3.961276,-0.912501,-12.615761,0.35599,0.042376,0.073061
2.373000144958496,-3.961276,-0.912501,-12.615761,0.35599,0.042376,0.073061
2.373000144958496,-3.961276,-0.912501,-12.615761,0.35599,0.042376,0.073061
2.373000144958496,-3.961276,-0.912501,-12.615761,0.35599,0.042376,0.073061
2.373000144958496,-3.961276,-0.912501,-12.615761,0.35599,0.042376,0.073061
2.373000144958496,-3.961276,-0.912501,-12.615761,0.35599,0.042376,0.073061
2.373000144958496,-3.961276,-0.912501,-12.615761,0.35599,0.042376,0.073061
2.373000144958496,-3.961276,-0.912501,-12.615761,0.35599,0.042376,0.073061
2.373000144958496,-3.961276,-0.912501,-12.615761,0.35599,0.042376,0.073061
2.373000144958496,-3.961276,-0.912501,-12.615761,0.35599,0.042376,0.073061
2.373000144958496,-3.961276,-0.912501,-12.615761,0.35599,0.042376,0.073061
2.373000144958496,-3.961276,-0.912501,-12.615761,0.35599,0.042376,0.073061
2.373000144958496,-3.961276,-0.912501,-12.615761,0.35599,0.042376,0.073061
2.373000144958496,-3.961276,-0.912501,-12.615761,0.35599,0.042376,0.073061
2.373000144958496,-3.961276,-0.912501,-12.615761,0.35599,0.042376,0.073061
2.373000144958496,-3.961276,-0.912501,-12.615761,0.35599,0.042376,0.073061
2.373000144958496,-3.961276,-0.912501,-12.615761,0.35599,0.042376,0.073061
2.373000144958496,-3.961276,-0.912501,-12.615761,0.35599,0.042376,0.073061
2.373000144958496,-3.961276,-0.912501,-12.615761,0.35599,0.042376,0.073061
2.373000144958496,-3.961276,-0.912501,-12.615761,0.35599,0.042376,0.073061
2.373000144958496,-3.961276,-0.912501,-12.615761,0.35599,0.042376,0.073061
2.373000144958496,-3.961276,-0.912501,-12.615761,0.35599,0.042376,0.073061
2.373000144958496,-3.961276,-0.912501,-12.615761,0.35599,0.042376,0.073061
2.373000144958496,-3.961276,-0.912501,-12.615761,0.35599,0.042376,0.073061
2.373000144958496,-3.961276,-0.912501,-12.615761,0.35599,0.042376,0.073061
2.373000144958496,-3.961276,-0.912501,-12.615761,0.35599,0.042376,0.073061
2.373000144958496,-3.961276,-0.912501,-12.615761,0.35599,0.042376,0.073061
2.373000144958496,-3.961276,-0.912501,-12.615761,0.35599,0.042376,0.073061
2.373000144958496,-3.961276,-0.912501,-12.615761,0.35599,0.042376,0.073061
2.373000144958496,-3.961276,-0.912501,-12.615761,0.35599,0.042376,0.073061
2.373000144958496,-3.961276,-0.912501,-12.615761,0.35599,0.042376,0.073061
2.373000144958496,-3.961276,-0.912501,-12.615761,0.35599,0.042376,0.073061
2.373000144958496,-3.961276,-0.912501,-12.615761,0.35599,0.042376,0.073061
2.373000144958496,-3.961276,-0.912501,-12.615761,0.35599,0.042376,0.073061
2.373000144958496,-3.961276,-0.912501,-12.615761,0.35599,0.042376,0.073061
2.373000144958496,-3.961276,-0.912501,-12.615761,0.35599,0.042376,0.073061
2.373000144958496,-3.961276,-0.912501,-12.615761,0.35599,0.042376,0.073061
2.373000144958496,-3.961276,-0.912501,-12.615761,0.35599,0.042376,0.073061
2.373000144958496,-3.961276,-0.912501,-12.615761,0.35599,0.042376,0.073061
2.373000144958496,-3.961276,-0.912501,-12.615761,0.35599,0.042376,0.073061
2.373000144958496,-3.961276,-0.912501,-12.615761,0.35599,0.042376,0.073061
2.373000144958496,-3.961276,-0.912501,-12.615761,0.35599,0.042376,0.073061
2.373000144958496,-3.961276,-0.912501,-12.615761,0.35599,0.042376,0.073061
2.373000144958496,-3.961276,-0.912501,-12.615761,0.35599,0.042376,0.073061
2.373000144958496,-3.961276,-0.912501,-12.615761,0.35599,0.042376,0.073061
2.373000144958496,-3.961276,-0.912501,-12.615761,0.35599,0.042376,0.073061
2.373000144958496,-3.961276,-0.912501,-12.615761,0.35599,0.042376,0.073061
2.373000144958496,-3.961276,-0.912501,-12.615761,0.35599,0.042376,0.073061
2.373000144958496,-3.961276,-0.912501,-12.615761,0.35599,0.042376,0.073061
2.373000144958496,-3.961276,-0.912501,-12.615761,0.35599,0.042376,0.073061
2.373000144958496,-3.961276,-0.912501,-12.615761,0.35599,0.042376,0.073061
2.373000144958496,-3.961276,-0.912501,-12.615761,0.35599,0.042376,0.073061
2.373000144958496,-3.961276,-0.912501,-12.615761,0.35599,0.042376,0.073061
2.373000144958496,-3.961276,-0.912501,-12.615761,0.35599,0.042376,0.073061
2.373000144958496,-3.961276,-0.912501,-12.615761,0.35599,0.042376,0.073061
2.373000144958496,-3.961276,-0.912501,-12.615761,0.35599,0.042376,0.073061
2.373000144958496,-3.961276,-0.912501,-12.615761,0.35599,0.042376,0.073061
2.373000144958496,-3.961276,-0.912501,-12.615761,0.35599,0.042376,0.073061
2.373000144958496,-3.961276,-0.912501,-12.615761,0.35599,0.042376,0.073061
2.373000144958496,-3.961276,-0.912501,-12.615761,0.35599,0.042376,0.073061
2.373000144958496,-3.961276,-0.912501,-12.615761,0.35599,0.042376,0.073061
2.373000144958496,-3.961276,-0.912501,-12.615761,0.35599,0.042376,0.073061
2.373000144958496,-3.961276,-0.912501,-12.615761,0.35599,0.042376,0.073061
2.373000144958496,-3.961276,-0.912501,-12.615761,0.35599,0.042376,0.073061
2.373000144958496,-3.961276,-0.912501,-12.615761,0.35599,0.042376,0.073061
2.373000144958496,-3.961276,-0.912501,-12.615761,0.35599,0.042376,0.073061
2.373000144958496,-3.961276,-0.912501,-12.615761,0.35599,0.042376,0.073061
2.373000144958496,-3.961276,-0.912501,-12.615761,0.35599,0.042376,0.073061
2.373000144958496,-3.961276,-0.912501,-12.615761,0.35599,0.042376,0.073061
2.373000144958496,-3.961276,-0.912501,-12.615761,0.35599,0.042376,0.073061
2.373000144958496,-3.961276,-0.912501,-12.615761,0.35599,0.042376,0.073061
2.373000144958496,-3.961276,-0.912501,-12.615761,0.35599,0.042376,0.073061
2.373000144958496,-3.961276,-0.912501,-12.615761,0.35599,0.042376,0.073061
2.373000144958496,-3.961276,-0.912501,-12.615761,0.35599,0.042376,0.073061
2.373000144958496,-3.961276,-0.912501,-12.615761,0.35599,0.042376,0.073061
2.373000144958496,-3.961276,-0.912501,-12.615761,0.35599,0.042376,0.073061
2.373000144958496,-3.961276,-0.912501,-12.615761,0.35599,0.042376,0.073061
2.373000144958496,-3.961276,-0.912501,-12.615761,0.35599,0.042376,0.073061
2.373000144958496,-3.961276,-0.912501,-12.615761,0.35599,0.042376,0.073061
2.373000144958496,-3.961276,-0.912501,-12.615761,0.35599,0.042376,0.073061
2.373000144958496,-3.961276,-0.912501,-12.615761,0.35599,0.042376,0.073061
2.373000144958496,-3.961276,-0.912501,-12.615761,0.35599,0.042376,0.073061
2.373000144958496,-3.961276,-0.912501,-12.615761,0.35599,0.042376,0.073061
2.373000144958496,-3.961276,-0.912501,-12.615761,0.35599,0.042376,0.073061
2.373000144958496,-3.961276,-0.912501,-12.615761,0.35599,0.042376,0.073061
2.373000144958496,-3.961276,-0.912501,-12.615761,0.35599,0.042376,0.073061
2.373000144958496,-3.961276,-0.912501,-12.615761,0.35599,0.042376,0.073061
2.373000144958496,-3.961276,-0.912501,-12.615761,0.35599,0.042376,0.073061
2.373000144958496,-3.961276,-0.912501,-12.615761,0.35599,0.042376,0.073061
2.373000144958496,-3.961276,-0.912501,-12.615761,0.35599,0.042376,0.073061
2.373000144958496,-3.961276,-0.912501,-12.615761,0.35599,0.042376,0.073061
2.373000144958496,-3.961276,-0.912501,-12.615761,0.35599,0.042376,0.073061
2.373000144958496,-3.961276,-0.912501,-12.615761,0.35599,0.042376,0.073061
2.373000144958496,-3.961276,-0.912501,-12.615761,0.35599,0.042376,0.073061
2.373000144958496,-3.961276,-0.912501,-12.615761,0.35599,0.042376,0.073061
2.373000144958496,-3.961276,-0.912501,-12.615761,0.35599,0.042376,0.073061
2.373000144958496,-3.961276,-0.912501,-12.615761,0.35599,0.042376,0.073061
2.373000144958496,-3.961276,-0.912501,-12.615761,0.35599,0.042376,0.073061
2.373000144958496,-3.961276,-0.912501,-12.615761,0.35599,0.042376,0.073061
2.373000144958496,-3.961276,-0.912501,-12.615761,0.35599,0.042376,0.073061
2.373000144958496,-3.961276,-0.912501,-12.615761,0.35599,0.042376,0.073061
2.373000144958496,-3.961276,-0.912501,-12.615761,0.35599,0.042376,0.073061
2.373000144958496,-3.961276,-0.912501,-12.615761,0.35599,0.042376,0.073061
2.373000144958496,-3.961276,-0.912501,-12.615761,0.35599,0.042376,0.073061
2.373000144958496,-3.961276,-0.912501,-12.615761,0.35599,0.042376,0.073061
2.373000144958496,-3.961276,-0.912501,-12.615761,0.35599,0.042376,0.073061
2.373000144958496,-3.961276,-0.912501,-12.615761,0.35599,0.042376,0.073061
2.373000144958496,-3.961276,-0.912501,-12.615761,0.35599,0.042376,0.073061
2.373000144958496,-3.961276,-0.912501,-12.615761,0.35599,0.042376,0.073061
2.373000144958496,-3.961276,-0.912501,-12.615761,0.35599,0.042376,0.073061
2.373000144958496,-3.961276,-0.912501,-12.615761,0.35599,0.042376,0.073061
2.373000144958496,-3.961276,-0.912501,-12.615761,0.35599,0.042376,0.073061
2.373000144958496,-3.961276,-0.912501,-12.615761,0.35599,0.042376,0.073061
2.373000144958496,-3.961276,-0.912501,-12.615761,0.35599,0.042376,0.073061
2.373000144958496,-3.961276,-0.912501,-12.615761,0.35599,0.042376,0.073061
2.373000144958496,-3.961276,-0.912501,-12.615761,0.35599,0.042376,0.073061
2.373000144958496,-3.961276,-0.912501,-12.615761,0.35599,0.042376,0.073061
2.373000144958496,-3.961276,-0.912501,-12.615761,0.35599,0.042376,0.073061
2.373000144958496,-3.961276,-0.912501,-12.615761,0.35599,0.042376,0.073061
2.373000144958496,-3.961276,-0.912501,-12.615761,0.35599,0.042376,0.073061
2.373000144958496,-3.961276,-0.912501,-12.615761,0.35599,0.042376,0.073061
2.373000144958496,-3.961276,-0.912501,-12.615761,0.35599,0.042376,0.073061
2.373000144958496,-3.961276,-0.912501,-12.615761,0.35599,0.042376,0.073061
2.373000144958496,-3.961276,-0.912501,-12.615761,0.35599,0.042376,0.073061
2.373000144958496,-3.961276,-0.912501,-12.615761,0.35599,0.042376,0.073061
2.373000144958496,-3.961276,-0.912501,-12.615761,0.35599,0.042376,0.073061
2.373000144958496,-3.961276,-0.912501,-12.615761,0.35599,0.042376,0.073061
2.373000144958496,-3.961276,-0.912501,-12.615761,0.35599,0.042376,0.073061
2.373000144958496,-3.961276,-0.912501,-12.615761,0.35599,0.042376,0.073061
2.373000144958496,-3.961276,-0.912501,-12.615761,0.35599,0.042376,0.073061
2.373000144958496,-3.961276,-0.912501,-12.615761,0.35599,0.042376,0.073061
2.373000144958496,-3.961276,-0.912501,-12.615761,0.35599,0.042376,0.073061
2.373000144958496,-3.961276,-0.912501,-12.615761,0.35599,0.042376,0.073061
2.373000144958496,-3.961276,-0.912501,-12.615761,0.35599,0.042376,0.073061
2.373000144958496,-3.961276,-0.912501,-12.615761,0.35599,0.042376,0.073061
2.373000144958496,-3.961276,-0.912501,-12.615761,0.35599,0.042376,0.073061
2.373000144958496,-3.961276,-0.912501,-12.615761,0.35599,0.042376,0.073061
2.373000144958496,-3.961276,-0.912501,-12.615761,0.35599,0.042376,0.073061
2.373000144958496,-3.961276,-0.912501,-12.615761,0.35599,0.042376,0.073061
2.373000144958496,-3.961276,-0.912501,-12.615761,0.35599,0.042376,0.073061
2.373000144958496,-3.961276,-0.912501,-12.615761,0.35599,0.042376,0.073061
2.373000144958496,-3.961276,-0.912501,-12.615761,0.35599,0.042376,0.073061
2.373000144958496,-3.961276,-0.912501,-12.615761,0.35599,0.042376,0.073061
2.373000144958496,-3.961276,-0.912501,-12.615761,0.35599,0.042376,0.073061
2.373000144958496,-3.961276,-0.912501,-12.615761,0.35599,0.042376,0.073061
2.373000144958496,-3.961276,-0.912501,-12.615761,0.35599,0.042376,0.073061
2.373000144958496,-3.961276,-0.912501,-12.615761,0.35599,0.042376,0.073061
2.373000144958496,-3.961276,-0.912501,-12.615761,0.35599,0.042376,0.073061
2.373000144958496,-3.961276,-0.912501,-12.615761,0.35599,0.042376,0.073061
2.373000144958496,-3.961276,-0.912501,-12.615761,0.35599,0.042376,0.073061
2.373000144958496,-3.961276,-0.912501,-12.615761,0.35599,0.042376,0.073061
2.373000144958496,-3.961276,-0.912501,-12.615761,0.35599,0.042376,0.073061
2.373000144958496,-3.961276,-0.912501,-12.615761,0.35599,0.042376,0.073061
2.373000144958496,-3.961276,-0.912501,-12.615761,0.35599,0.042376,0.073061
2.373000144958496,-3.961276,-0.912501,-12.615761,0.35599,0.042376,0.073061
2.373000144958496,-3.961276,-0.912501,-12.615761,0.35599,0.042376,0.073061
2.373000144958496,-3.961276,-0.912501,-12.615761,0.35599,0.042376,0.073061
2.373000144958496,-3.961276,-0.912501,-12.615761,0.35599,0.042376,0.073061
2.373000144958496,-3.961276,-0.912501,-12.615761,0.35599,0.042376,0.073061
2.373000144958496,-3.961276,-0.912501,-12.615761,0.35599,0.042376,0.073061
2.373000144958496,-3.961276,-0.912501,-12.615761,0.35599,0.042376,0.073061
2.373000144958496,-3.961276,-0.912501,-12.615761,0.35599,0.042376,0.073061
2.373000144958496,-3.961276,-0.912501,-12.615761,0.35599,0.042376,0.073061
2.373000144958496,-3.961276,-0.912501,-12.615761,0.35599,0.042376,0.073061
2.373000144958496,-3.961276,-0.912501,-12.615761,0.35599,0.042376,0.073061
2.373000144958496,-3.961276,-0.912501,-12.615761,0.35599,0.042376,0.073061
2.373000144958496,-3.961276,-0.912501,-12.615761,0.35599,0.042376,0.073061
2.373000144958496,-3.961276,-0.912501,-12.615761,0.35599,0.042376,0.073061
2.373000144958496,-3.961276,-0.912501,-12.615761,0.35599,0.042376,0.073061
2.373000144958496,-3.961276,-0.912501,-12.615761,0.35599,0.042376,0.073061
2.373000144958496,-3.961276,-0.912501,-12.615761,0.35599,0.042376,0.073061
2.373000144958496,-3.961276,-0.912501,-12.615761,0.35599,0.042376,0.073061
2.373000144958496,-3.961276,-0.912501,-12.615761,0.35599,0.042376,0.073061
2.373000144958496,-3.961276,-0.912501,-12.615761,0.35599,0.042376,0.073061
2.373000144958496,-3.961276,-0.912501,-12.615761,0.35599,0.042376,0.073061
2.373000144958496,-3.961276,-0.912501,-12.615761,0.35599,0.042376,0.073061
2.373000144958496,-3.961276,-0.912501,-12.615761,0.35599,0.042376,0.073061
2.373000144958496,-3.961276,-0.912501,-12.615761,0.35599,0.042376,0.073061
2.373000144958496,-3.961276,-0.912501,-12.615761,0.35599,0.042376,0.073061
2.373000144958496,-3.961276,-0.912501,-12.615761,0.35599,0.042376,0.073061
2.373000144958496,-3.961276,-0.912501,-12.615761,0.35599,0.042376,0.073061
2.373000144958496,-3.961276,-0.912501,-12.615761,0.35599,0.042376,0.073061
2.373000144958496,-3.961276,-0.912501,-12.615761,0.35599,0.042376,0.073061
2.373000144958496,-3.961276,-0.912501,-12.615761,0.35599,0.042376,0.073061
2.373000144958496,-3.961276,-0.912501,-12.615761,0.35599,0.042376,0.073061
2.373000144958496,-3.961276,-0.912501,-12.615761,0.35599,0.042376,0.073061
2.373000144958496,-3.961276,-0.912501,-12.615761,0.35599,0.042376,0.073061
2.373000144958496,-3.961276,-0.912501,-12.615761,0.35599,0.042376,0.073061
2.373000144958496,-3.961276,-0.912501,-12.615761,0.35599,0.042376,0.073061
2.373000144958496,-3.961276,-0.912501,-12.615761,0.35599,0.042376,0.073061
2.373000144958496,-3.961276,-0.912501,-12.615761,0.35599,0.042376,0.073061
2.373000144958496,-3.961276,-0.912501,-12.615761,0.35599,0.042376,0.073061
2.373000144958496,-3.961276,-0.912501,-12.615761,0.35599,0.042376,0.073061
2.373000144958496,-3.961276,-0.912501,-12.615761,0.35599,0.042376,0.073061
2.373000144958496,-3.961276,-0.912501,-12.615761,0.35599,0.042376,0.073061
2.373000144958496,-3.961276,-0.912501,-12.615761,0.35599,0.042376,0.073061
2.373000144958496,-3.961276,-0.912501,-12.615761,0.35599,0.042376,0.073061
2.373000144958496,-3.961276,-0.912501,-12.615761,0.35599,0.042376,0.073061
2.373000144958496,-3.961276,-0.912501,-12.615761,0.35599,0.042376,0.073061
2.373000144958496,-3.961276,-0.912501,-12.615761,0.35599,0.042376,0.073061
2.373000144958496,-3.961276,-0.912501,-12.615761,0.35599,0.042376,0.073061
2.373000144958496,-3.961276,-0.912501,-12.615761,0.35599,0.042376,0.073061
2.373000144958496,-3.961276,-0.912501,-12.615761,0.35599,0.042376,0.073061
2.373000144958496,-3.961276,-0.912501,-12.615761,0.35599,0.042376,0.073061
2.373000144958496,-3.961276,-0.912501,-12.615761,0.35599,0.042376,0.073061
2.373000144958496,-3.961276,-0.912501,-12.615761,0.35599,0.042376,0.073061
2.373000144958496,-3.961276,-0.912501,-12.615761,0.35599,0.042376,0.073061
2.373000144958496,-3.961276,-0.912501,-12.615761,0.35599,0.042376,0.073061
2.373000144958496,-3.961276,-0.912501,-12.615761,0.35599,0.042376,0.073061
2.373000144958496,-3.961276,-0.912501,-12.615761,0.35599,0.042376,0.073061
2.373000144958496,-3.961276,-0.912501,-12.615761,0.35599,0.042376,0.073061
2.373000144958496,-3.961276,-0.912501,-12.615761,0.35599,0.042376,0.073061
2.373000144958496,-3.961276,-0.912501,-12.615761,0.35599,0.042376,0.073061
2.373000144958496,-3.961276,-0.912501,-12.615761,0.35599,0.042376,0.073061
2.373000144958496,-3.961276,-0.912501,-12.615761,0.35599,0.042376,0.073061
2.373000144958496,-3.961276,-0.912501,-12.615761,0.35599,0.042376,0.073061
2.373000144958496,-3.961276,-0.912501,-12.615761,0.35599,0.042376,0.073061
2.373000144958496,-3.961276,-0.912501,-12.615761,0.35599,0.042376,0.073061
2.373000144958496,-3.961276,-0.912501,-12.615761,0.35599,0.042376,0.073061
2.373000144958496,-3.961276,-0.912501,-12.615761,0.35599,0.042376,0.073061
2.373000144958496,-3.961276,-0.912501,-12.615761,0.35599,0.042376,0.073061
2.373000144958496,-3.961276,-0.912501,-12.615761,0.35599,0.042376,0.073061
2.373000144958496,-3.961276,-0.912501,-12.615761,0.35599,0.042376,0.073061
2.373000144958496,-3.961276,-0.912501,-12.615761,0.35599,0.042376,0.073061
2.373000144958496,-3.961276,-0.912501,-12.615761,0.35599,0.042376,0.073061
2.373000144958496,-3.961276,-0.912501,-12.615761,0.35599,0.042376,0.073061
2.373000144958496,-3.961276,-0.912501,-12.615761,0.35599,0.042376,0.073061
2.373000144958496,-3.961276,-0.912501,-12.615761,0.35599,0.042376,0.073061
2.373000144958496,-3.961276,-0.912501,-12.615761,0.35599,0.042376,0.073061
2.373000144958496,-3.961276,-0.912501,-12.615761,0.35599,0.042376,0.073061
2.373000144958496,-3.961276,-0.912501,-12.615761,0.35599,0.042376,0.073061
2.373000144958496,-3.961276,-0.912501,-12.615761,0.35599,0.042376,0.073061
2.373000144958496,-3.961276,-0.912501,-12.615761,0.35599,0.042376,0.073061
2.373000144958496,-3.961276,-0.912501,-12.615761,0.35599,0.042376,0.073061
2.373000144958496,-3.961276,-0.912501,-12.615761,0.35599,0.042376,0.073061
2.373000144958496,-3.961276,-0.912501,-12.615761,0.35599,0.042376,0.073061
2.373000144958496,-3.961276,-0.912501,-12.615761,0.35599,0.042376,0.073061
2.373000144958496,-3.961276,-0.912501,-12.615761,0.35599,0.042376,0.073061
2.373000144958496,-3.961276,-0.912501,-12.615761,0.35599,0.042376,0.073061
2.373000144958496,-3.961276,-0.912501,-12.615761,0.35599,0.042376,0.073061
2.373000144958496,-3.961276,-0.912501,-12.615761,0.35599,0.042376,0.073061
2.373000144958496,-3.961276,-0.912501,-12.615761,0.35599,0.042376,0.073061
2.373000144958496,-3.961276,-0.912501,-12.615761,0.35599,0.042376,0.073061
2.373000144958496,-3.961276,-0.912501,-12.615761,0.35599,0.042376,0.073061
2.373000144958496,-3.961276,-0.912501,-12.615761,0.35599,0.042376,0.073061
2.373000144958496,-3.961276,-0.912501,-12.615761,0.35599,0.042376,0.073061
2.373000144958496,-3.961276,-0.912501,-12.615761,0.35599,0.042376,0.073061
2.373000144958496,-3.961276,-0.912501,-12.615761,0.35599,0.042376,0.073061
2.373000144958496,-3.961276,-0.912501,-12.615761,0.35599,0.042376,0.073061
2.373000144958496,-3.961276,-0.912501,-12.615761,0.35599,0.042376,0.073061
2.373000144958496,-3.961276,-0.912501,-12.615761,0.35599,0.042376,0.073061
2.373000144958496,-3.961276,-0.912501,-12.615761,0.35599,0.042376,0.073061
2.373000144958496,-3.961276,-0.912501,-12.615761,0.35599,0.042376,0.073061
2.373000144958496,-3.961276,-0.912501,-12.615761,0.35599,0.042376,0.073061
2.373000144958496,-3.961276,-0.912501,-12.615761,0.35599,0.042376,0.073061
2.373000144958496,-3.961276,-0.912501,-12.615761,0.35599,0.042376,0.073061
2.373000144958496,-3.961276,-0.912501,-12.615761,0.35599,0.042376,0.073061
2.373000144958496,-3.961276,-0.912501,-12.615761,0.35599,0.042376,0.073061
2.373000144958496,-3.961276,-0.912501,-12.615761,0.35599,0.042376,0.073061
2.373000144958496,-3.961276,-0.912501,-12.615761,0.35599,0.042376,0.073061
2.373000144958496,-3.961276,-0.912501,-12.615761,0.35599,0.042376,0.073061
2.373000144958496,-3.961276,-0.912501,-12.615761,0.35599,0.042376,0.073061
2.373000144958496,-3.961276,-0.912501,-12.615761,0.35599,0.042376,0.073061
2.373000144958496,-3.961276,-0.912501,-12.615761,0.35599,0.042376,0.073061
2.373000144958496,-3.961276,-0.912501,-12.615761,0.35599,0.042376,0.073061
2.373000144958496,-3.961276,-0.912501,-12.615761,0.35599,0.042376,0.073061
2.373000144958496,-3.961276,-0.912501,-12.615761,0.35599,0.042376,0.073061
2.373000144958496,-3.961276,-0.912501,-12.615761,0.35599,0.042376,0.073061
2.373000144958496,-3.961276,-0.912501,-12.615761,0.35599,0.042376,0.073061
2.373000144958496,-3.961276,-0.912501,-12.615761,0.35599,0.042376,0.073061
2.373000144958496,-3.961276,-0.912501,-12.615761,0.35599,0.042376,0.073061
2.373000144958496,-3.961276,-0.912501,-12.615761,0.35599,0.042376,0.073061
2.373000144958496,-3.961276,-0.912501,-12.615761,0.35599,0.042376,0.073061
2.373000144958496,-3.961276,-0.912501,-12.615761,0.35599,0.042376,0.073061
2.373000144958496,-3.961276,-0.912501,-12.615761,0.35599,0.042376,0.073061
2.373000144958496,-3.961276,-0.912501,-12.615761,0.35599,0.042376,0.073061
2.373000144958496,-3.961276,-0.912501,-12.615761,0.35599,0.042376,0.073061
2.373000144958496,-3.961276,-0.912501,-12.615761,0.35599,0.042376,0.073061
2.373000144958496,-3.961276,-0.912501,-12.615761,0.35599,0.042376,0.073061
2.373000144958496,-3.961276,-0.912501,-12.615761,0.35599,0.042376,0.073061
2.373000144958496,-3.961276,-0.912501,-12.615761,0.35599,0.042376,0.073061
2.373000144958496,-3.961276,-0.912501,-12.615761,0.35599,0.042376,0.073061
2.373000144958496,-3.961276,-0.912501,-12.615761,0.35599,0.042376,0.073061
2.373000144958496,-3.961276,-0.912501,-12.615761,0.35599,0.042376,0.073061
2.373000144958496,-3.961276,-0.912501,-12.615761,0.35599,0.042376,0.073061
2.373000144958496,-3.961276,-0.912501,-12.615761,0.35599,0.042376,0.073061
2.373000144958496,-3.961276,-0.912501,-12.615761,0.35599,0.042376,0.073061
2.373000144958496,-3.961276,-0.912501,-12.615761,0.35599,0.042376,0.073061
2.373000144958496,-3.961276,-0.912501,-12.615761,0.35599,0.042376,0.073061
2.373000144958496,-3.961276,-0.912501,-12.615761,0.35599,0.042376,0.073061
2.373000144958496,-3.961276,-0.912501,-12.615761,0.35599,0.042376,0.073061
2.373000144958496,-3.961276,-0.912501,-12.615761,0.35599,0.042376,0.073061
2.373000144958496,-3.961276,-0.912501,-12.615761,0.35599,0.042376,0.073061
2.373000144958496,-3.961276,-0.912501,-12.615761,0.35599,0.042376,0.073061
2.373000144958496,-3.961276,-0.912501,-12.615761,0.35599,0.042376,0.073061
2.373000144958496,-3.961276,-0.912501,-12.615761,0.35599,0.042376,0.073061
2.373000144958496,-3.961276,-0.912501,-12.615761,0.35599,0.042376,0.073061
2.373000144958496,-3.961276,-0.912501,-12.615761,0.35599,0.042376,0.073061
2.373000144958496,-3.961276,-0.912501,-12.615761,0.35599,0.042376,0.073061
2.373000144958496,-3.961276,-0.912501,-12.615761,0.35599,0.042376,0.073061
2.373000144958496,-3.961276,-0.912501,-12.615761,0.35599,0.042376,0.073061
2.373000144958496,-3.961276,-0.912501,-12.615761,0.35599,0.042376,0.073061
2.373000144958496,-3.961276,-0.912501,-12.615761,0.35599,0.042376,0.073061
2.373000144958496,-3.961276,-0.912501,-12.615761,0.35599,0.042376,0.073061
2.373000144958496,-3.961276,-0.912501,-12.615761,0.35599,0.042376,0.073061
2.373000144958496,-3.961276,-0.912501,-12.615761,0.35599,0.042376,0.073061
2.373000144958496,-3.961276,-0.912501,-12.615761,0.35599,0.042376,0.073061
2.373000144958496,-3.961276,-0.912501,-12.615761,0.35599,0.042376,0.073061
2.373000144958496,-3.961276,-0.912501,-12.615761,0.35599,0.042376,0.073061
2.373000144958496,-3.961276,-0.912501,-12.615761,0.35599,0.042376,0.073061
2.373000144958496,-3.961276,-0.912501,-12.615761,0.35599,0.042376,0.073061
2.373000144958496,-3.961276,-0.912501,-12.615761,0.35599,0.042376,0.073061
2.373000144958496,-3.961276,-0.912501,-12.615761,0.35599,0.042376,0.073061
2.373000144958496,-3.961276,-0.912501,-12.615761,0.35599,0.042376,0.073061
2.373000144958496,-3.961276,-0.912501,-12.615761,0.35599,0.042376,0.073061
2.373000144958496,-3.961276,-0.912501,-12.615761,0.35599,0.042376,0.073061
2.373000144958496,-3.961276,-0.912501,-12.615761,0.35599,0.042376,0.073061
2.373000144958496,-3.961276,-0.912501,-12.615761,0.35599,0.042376,0.073061
2.373000144958496,-3.961276,-0.912501,-12.615761,0.35599,0.042376,0.073061
2.373000144958496,-3.961276,-0.912501,-12.615761,0.35599,0.042376,0.073061
2.373000144958496,-3.961276,-0.912501,-12.615761,0.35599,0.042376,0.073061
2.373000144958496,-3.961276,-0.912501,-12.615761,0.35599,0.042376,0.073061
2.373000144958496,-3.961276,-0.912501,-12.615761,0.35599,0.042376,0.073061
2.373000144958496,-3.961276,-0.912501,-12.615761,0.35599,0.042376,0.073061
2.373000144958496,-3.961276,-0.912501,-12.615761,0.35599,0.042376,0.073061
2.373000144958496,-3.961276,-0.912501,-12.615761,0.35599,0.042376,0.073061
2.373000144958496,-3.961276,-0.912501,-12.615761,0.35599,0.042376,0.073061
2.373000144958496,-3.961276,-0.912501,-12.615761,0.35599,0.042376,0.073061
2.373000144958496,-3.961276,-0.912501,-12.615761,0.35599,0.042376,0.073061
2.373000144958496,-3.961276,-0.912501,-12.615761,0.35599,0.042376,0.073061
2.373000144958496,-3.961276,-0.912501,-12.615761,0.35599,0.042376,0.073061
2.373000144958496,-3.961276,-0.912501,-12.615761,0.35599,0.042376,0.073061
2.373000144958496,-3.961276,-0.912501,-12.615761,0.35599,0.042376,0.073061
2.373000144958496,-3.961276,-0.912501,-12.615761,0.35599,0.042376,0.073061
2.373000144958496,-3.961276,-0.912501,-12.615761,0.35599,0.042376,0.073061
2.373000144958496,-3.961276,-0.912501,-12.615761,0.35599,0.042376,0.073061
2.373000144958496,-3.961276,-0.912501,-12.615761,0.35599,0.042376,0.073061
2.373000144958496,-3.961276,-0.912501,-12.615761,0.35599,0.042376,0.073061
2.373000144958496,-3.961276,-0.912501,-12.615761,0.35599,0.042376,0.073061
2.373000144958496,-3.961276,-0.912501,-12.615761,0.35599,0.042376,0.073061
2.373000144958496,-3.961276,-0.912501,-12.615761,0.35599,0.042376,0.073061
2.373000144958496,-3.961276,-0.912501,-12.615761,0.35599,0.042376,0.073061
2.373000144958496,-3.961276,-0.912501,-12.615761,0.35599,0.042376,0.073061
2.373000144958496,-3.961276,-0.912501,-12.615761,0.35599,0.042376,0.073061
2.373000144958496,-3.961276,-0.912501,-12.615761,0.35599,0.042376,0.073061
2.373000144958496,-3.961276,-0.912501,-12.615761,0.35599,0.042376,0.073061
2.373000144958496,-3.961276,-0.912501,-12.615761,0.35599,0.042376,0.073061
2.373000144958496,-3.961276,-0.912501,-12.615761,0.35599,0.042376,0.073061
2.373000144958496,-3.961276,-0.912501,-12.615761,0.35599,0.042376,0.073061
2.373000144958496,-3.961276,-0.912501,-12.615761,0.35599,0.042376,0.073061
2.373000144958496,-3.961276,-0.912501,-12.615761,0.35599,0.042376,0.073061
2.373000144958496,-3.961276,-0.912501,-12.615761,0.35599,0.042376,0.073061
2.373000144958496,-3.961276,-0.912501,-12.615761,0.35599,0.042376,0.073061
2.373000144958496,-3.961276,-0.912501,-12.615761,0.35599,0.042376,0.073061
2.373000144958496,-3.961276,-0.912501,-12.615761,0.35599,0.042376,0.073061
2.373000144958496,-3.961276,-0.912501,-12.615761,0.35599,0.042376,0.073061
2.373000144958496,-3.961276,-0.912501,-12.615761,0.35599,0.042376,0.073061
2.373000144958496,-3.961276,-0.912501,-12.615761,0.35599,0.042376,0.073061
2.373000144958496,-3.961276,-0.912501,-12.615761,0.35599,0.042376,0.073061
2.373000144958496,-3.961276,-0.912501,-12.615761,0.35599,0.042376,0.073061
2.373000144958496,-3.961276,-0.912501,-12.615761,0.35599,0.042376,0.073061
2.373000144958496,-3.961276,-0.912501,-12.615761,0.35599,0.042376,0.073061
2.373000144958496,-3.961276,-0.912501,-12.615761,0.35599,0.042376,0.073061
2.373000144958496,-3.961276,-0.912501,-12.615761,0.35599,0.042376,0.073061
2.373000144958496,-3.961276,-0.912501,-12.615761,0.35599,0.042376,0.073061
2.373000144958496,-3.961276,-0.912501,-12.615761,0.35599,0.042376,0.073061
2.373000144958496,-3.961276,-0.912501,-12.615761,0.35599,0.042376,0.073061
2.373000144958496,-3.961276,-0.912501,-12.615761,0.35599,0.042376,0.073061
2.373000144958496,-3.961276,-0.912501,-12.615761,0.35599,0.042376,0.073061
2.373000144958496,-3.961276,-0.912501,-12.615761,0.35599,0.042376,0.073061
2.373000144958496,-3.961276,-0.912501,-12.615761,0.35599,0.042376,0.073061
2.373000144958496,-3.961276,-0.912501,-12.615761,0.35599,0.042376,0.073061
2.373000144958496,-3.961276,-0.912501,-12.615761,0.35599,0.042376,0.073061
2.373000144958496,-3.961276,-0.912501,-12.615761,0.35599,0.042376,0.073061
2.373000144958496,-3.961276,-0.912501,-12.615761,0.35599,0.042376,0.073061
2.373000144958496,-3.961276,-0.912501,-12.615761,0.35599,0.042376,0.073061
2.373000144958496,-3.961276,-0.912501,-12.615761,0.35599,0.042376,0.073061
2.373000144958496,-3.961276,-0.912501,-12.615761,0.35599,0.042376,0.073061
2.373000144958496,-3.961276,-0.912501,-12.615761,0.35599,0.042376,0.073061
2.373000144958496,-3.961276,-0.912501,-12.615761,0.35599,0.042376,0.073061
2.373000144958496,-3.961276,-0.912501,-12.615761,0.35599,0.042376,0.073061
2.373000144958496,-3.961276,-0.912501,-12.615761,0.35599,0.042376,0.073061
2.373000144958496,-3.961276,-0.912501,-12.615761,0.35599,0.042376,0.073061
2.373000144958496,-3.961276,-0.912501,-12.615761,0.35599,0.042376,0.073061
2.373000144958496,-3.961276,-0.912501,-12.615761,0.35599,0.042376,0.073061
2.373000144958496,-3.961276,-0.912501,-12.615761,0.35599,0.042376,0.073061
2.373000144958496,-3.961276,-0.912501,-12.615761,0.35599,0.042376,0.073061
2.373000144958496,-3.961276,-0.912501,-12.615761,0.35599,0.042376,0.073061
2.373000144958496,-3.961276,-0.912501,-12.615761,0.35599,0.042376,0.073061
2.373000144958496,-3.961276,-0.912501,-12.615761,0.35599,0.042376,0.073061
2.373000144958496,-3.961276,-0.912501,-12.615761,0.35599,0.042376,0.073061
2.373000144958496,-3.961276,-0.912501,-12.615761,0.35599,0.042376,0.073061
2.373000144958496,-3.961276,-0.912501,-12.615761,0.35599,0.042376,0.073061
2.373000144958496,-3.961276,-0.912501,-12.615761,0.35599,0.042376,0.073061
2.373000144958496,-3.961276,-0.912501,-12.615761,0.35599,0.042376,0.073061
2.373000144958496,-3.961276,-0.912501,-12.615761,0.35599,0.042376,0.073061
2.373000144958496,-3.961276,-0.912501,-12.615761,0.35599,0.042376,0.073061
2.373000144958496,-3.961276,-0.912501,-12.615761,0.35599,0.042376,0.073061
2.373000144958496,-3.961276,-0.912501,-12.615761,0.35599,0.042376,0.073061
2.373000144958496,-3.961276,-0.912501,-12.615761,0.35599,0.042376,0.073061
2.373000144958496,-3.961276,-0.912501,-12.615761,0.35599,0.042376,0.073061
2.373000144958496,-3.961276,-0.912501,-12.615761,0.35599,0.042376,0.073061
2.373000144958496,-3.961276,-0.912501,-12.615761,0.35599,0.042376,0.073061
2.373000144958496,-3.961276,-0.912501,-12.615761,0.35599,0.042376,0.073061
2.373000144958496,-3.961276,-0.912501,-12.615761,0.35599,0.042376,0.073061
2.373000144958496,-3.961276,-0.912501,-12.615761,0.35599,0.042376,0.073061
2.373000144958496,-3.961276,-0.912501,-12.615761,0.35599,0.042376,0.073061
2.373000144958496,-3.961276,-0.912501,-12.615761,0.35599,0.042376,0.073061
2.373000144958496,-3.961276,-0.912501,-12.615761,0.35599,0.042376,0.073061
2.373000144958496,-3.961276,-0.912501,-12.615761,0.35599,0.042376,0.073061
2.373000144958496,-3.961276,-0.912501,-12.615761,0.35599,0.042376,0.073061
2.373000144958496,-3.961276,-0.912501,-12.615761,0.35599,0.042376,0.073061
2.373000144958496,-3.961276,-0.912501,-12.615761,0.35599,0.042376,0.073061
2.373000144958496,-3.961276,-0.912501,-12.615761,0.35599,0.042376,0.073061
2.373000144958496,-3.961276,-0.912501,-12.615761,0.35599,0.042376,0.073061
2.373000144958496,-3.961276,-0.912501,-12.615761,0.35599,0.042376,0.073061
2.373000144958496,-3.961276,-0.912501,-12.615761,0.35599,0.042376,0.073061
2.373000144958496,-3.961276,-0.912501,-12.615761,0.35599,0.042376,0.073061
2.373000144958496,-3.961276,-0.912501,-12.615761,0.35599,0.042376,0.073061
2.373000144958496,-3.961276,-0.912501,-12.615761,0.35599,0.042376,0.073061
2.373000144958496,-3.961276,-0.912501,-12.615761,0.35599,0.042376,0.073061
2.373000144958496,-3.961276,-0.912501,-12.615761,0.35599,0.042376,0.073061
2.373000144958496,-3.961276,-0.912501,-12.615761,0.35599,0.042376,0.073061
2.373000144958496,-3.961276,-0.912501,-12.615761,0.35599,0.042376,0.073061
2.373000144958496,-3.961276,-0.912501,-12.615761,0.35599,0.042376,0.073061
2.373000144958496,-3.961276,-0.912501,-12.615761,0.35599,0.042376,0.073061
2.373000144958496,-3.961276,-0.912501,-12.615761,0.35599,0.042376,0.073061
2.373000144958496,-3.961276,-0.912501,-12.615761,0.35599,0.042376,0.073061
2.373000144958496,-3.961276,-0.912501,-12.615761,0.35599,0.042376,0.073061
2.373000144958496,-3.961276,-0.912501,-12.615761,0.35599,0.042376,0.073061
2.373000144958496,-3.961276,-0.912501,-12.615761,0.35599,0.042376,0.073061
2.373000144958496,-3.961276,-0.912501,-12.615761,0.35599,0.042376,0.073061
2.373000144958496,-3.961276,-0.912501,-12.615761,0.35599,0.042376,0.073061
2.373000144958496,-3.961276,-0.912501,-12.615761,0.35599,0.042376,0.073061
2.373000144958496,-3.961276,-0.912501,-12.615761,0.35599,0.042376,0.073061
2.373000144958496,-3.961276,-0.912501,-12.615761,0.35599,0.042376,0.073061
2.373000144958496,-3.961276,-0.912501,-12.615761,0.35599,0.042376,0.073061
2.373000144958496,-3.961276,-0.912501,-12.615761,0.35599,0.042376,0.073061
2.373000144958496,-3.961276,-0.912501,-12.615761,0.35599,0.042376,0.073061
2.373000144958496,-3.961276,-0.912501,-12.615761,0.35599,0.042376,0.073061
2.373000144958496,-3.961276,-0.912501,-12.615761,0.35599,0.042376,0.073061
2.373000144958496,-3.961276,-0.912501,-12.615761,0.35599,0.042376,0.073061
2.373000144958496,-3.961276,-0.912501,-12.615761,0.35599,0.042376,0.073061
2.373000144958496,-3.961276,-0.912501,-12.615761,0.35599,0.042376,0.073061
2.373000144958496,-3.961276,-0.912501,-12.615761,0.35599,0.042376,0.073061
2.373000144958496,-3.961276,-0.912501,-12.615761,0.35599,0.042376,0.073061
2.373000144958496,-3.961276,-0.912501,-12.615761,0.35599,0.042376,0.073061
2.373000144958496,-3.961276,-0.912501,-12.615761,0.35599,0.042376,0.073061
2.373000144958496,-3.961276,-0.912501,-12.615761,0.35599,0.042376,0.073061
2.373000144958496,-3.961276,-0.912501,-12.615761,0.35599,0.042376,0.073061
2.373000144958496,-3.961276,-0.912501,-12.615761,0.35599,0.042376,0.073061
2.373000144958496,-3.961276,-0.912501,-12.615761,0.35599,0.042376,0.073061
2.373000144958496,-3.961276,-0.912501,-12.615761,0.35599,0.042376,0.073061
2.373000144958496,-3.961276,-0.912501,-12.615761,0.35599,0.042376,0.073061
2.373000144958496,-3.961276,-0.912501,-12.615761,0.35599,0.042376,0.073061
2.373000144958496,-3.961276,-0.912501,-12.615761,0.35599,0.042376,0.073061
2.373000144958496,-3.961276,-0.912501,-12.615761,0.35599,0.042376,0.073061
2.373000144958496,-3.961276,-0.912501,-12.615761,0.35599,0.042376,0.073061
2.373000144958496,-3.961276,-0.912501,-12.615761,0.35599,0.042376,0.073061
2.373000144958496,-3.961276,-0.912501,-12.615761,0.35599,0.042376,0.073061
2.373000144958496,-3.961276,-0.912501,-12.615761,0.35599,0.042376,0.073061
2.373000144958496,-3.961276,-0.912501,-12.615761,0.35599,0.042376,0.073061
2.373000144958496,-3.961276,-0.912501,-12.615761,0.35599,0.042376,0.073061
2.373000144958496,-3.961276,-0.912501,-12.615761,0.35599,0.042376,0.073061
2.373000144958496,-3.961276,-0.912501,-12.615761,0.35599,0.042376,0.073061
2.373000144958496,-3.961276,-0.912501,-12.615761,0.35599,0.042376,0.073061
2.373000144958496,-3.961276,-0.912501,-12.615761,0.35599,0.042376,0.073061
2.373000144958496,-3.961276,-0.912501,-12.615761,0.35599,0.042376,0.073061
2.373000144958496,-3.961276,-0.912501,-12.615761,0.35599,0.042376,0.073061
2.373000144958496,-3.961276,-0.912501,-12.615761,0.35599,0.042376,0.073061
2.373000144958496,-3.961276,-0.912501,-12.615761,0.35599,0.042376,0.073061
2.373000144958496,-3.961276,-0.912501,-12.615761,0.35599,0.042376,0.073061
2.373000144958496,-3.961276,-0.912501,-12.615761,0.35599,0.042376,0.073061
2.373000144958496,-3.961276,-0.912501,-12.615761,0.35599,0.042376,0.073061
2.373000144958496,-3.961276,-0.912501,-12.615761,0.35599,0.042376,0.073061
2.373000144958496,-3.961276,-0.912501,-12.615761,0.35599,0.042376,0.073061
2.373000144958496,-3.961276,-0.912501,-12.615761,0.35599,0.042376,0.073061
2.373000144958496,-3.961276,-0.912501,-12.615761,0.35599,0.042376,0.073061
2.373000144958496,-3.961276,-0.912501,-12.615761,0.35599,0.042376,0.073061
2.373000144958496,-3.961276,-0.912501,-12.615761,0.35599,0.042376,0.073061
2.373000144958496,-3.961276,-0.912501,-12.615761,0.35599,0.042376,0.073061
2.373000144958496,-3.961276,-0.912501,-12.615761,0.35599,0.042376,0.073061
2.373000144958496,-3.961276,-0.912501,-12.615761,0.35599,0.042376,0.073061
2.373000144958496,-3.961276,-0.912501,-12.615761,0.35599,0.042376,0.073061
2.373000144958496,-3.961276,-0.912501,-12.615761,0.35599,0.042376,0.073061
2.373000144958496,-3.961276,-0.912501,-12.615761,0.35599,0.042376,0.073061
2.373000144958496,-3.961276,-0.912501,-12.615761,0.35599,0.042376,0.073061
2.373000144958496,-3.961276,-0.912501,-12.615761,0.35599,0.042376,0.073061
2.373000144958496,-3.961276,-0.912501,-12.615761,0.35599,0.042376,0.073061
2.373000144958496,-3.961276,-0.912501,-12.615761,0.35599,0.042376,0.073061
2.373000144958496,-3.961276,-0.912501,-12.615761,0.35599,0.042376,0.073061
2.373000144958496,-3.961276,-0.912501,-12.615761,0.35599,0.042376,0.073061
2.373000144958496,-3.961276,-0.912501,-12.615761,0.35599,0.042376,0.073061
2.373000144958496,-3.961276,-0.912501,-12.615761,0.35599,0.042376,0.073061
2.373000144958496,-3.961276,-0.912501,-12.615761,0.35599,0.042376,0.073061
2.373000144958496,-3.961276,-0.912501,-12.615761,0.35599,0.042376,0.073061
2.373000144958496,-3.961276,-0.912501,-12.615761,0.35599,0.042376,0.073061
2.373000144958496,-3.961276,-0.912501,-12.615761,0.35599,0.042376,0.073061
2.373000144958496,-3.961276,-0.912501,-12.615761,0.35599,0.042376,0.073061
2.373000144958496,-3.961276,-0.912501,-12.615761,0.35599,0.042376,0.073061
2.373000144958496,-3.961276,-0.912501,-12.615761,0.35599,0.042376,0.073061
2.373000144958496,-3.961276,-0.912501,-12.615761,0.35599,0.042376,0.073061
2.373000144958496,-3.961276,-0.912501,-12.615761,0.35599,0.042376,0.073061
2.373000144958496,-3.961276,-0.912501,-12.615761,0.35599,0.042376,0.073061
2.373000144958496,-3.961276,-0.912501,-12.615761,0.35599,0.042376,0.073061
2.373000144958496,-3.961276,-0.912501,-12.615761,0.35599,0.042376,0.073061
2.373000144958496,-3.961276,-0.912501,-12.615761,0.35599,0.042376,0.073061
2.373000144958496,-3.961276,-0.912501,-12.615761,0.35599,0.042376,0.073061
2.373000144958496,-3.961276,-0.912501,-12.615761,0.35599,0.042376,0.073061
2.373000144958496,-3.961276,-0.912501,-12.615761,0.35599,0.042376,0.073061
2.373000144958496,-3.961276,-0.912501,-12.615761,0.35599,0.042376,0.073061
2.373000144958496,-3.961276,-0.912501,-12.615761,0.35599,0.042376,0.073061
2.373000144958496,-3.961276,-0.912501,-12.615761,0.35599,0.042376,0.073061
2.373000144958496,-3.961276,-0.912501,-12.615761,0.35599,0.042376,0.073061
2.373000144958496,-3.961276,-0.912501,-12.615761,0.35599,0.042376,0.073061
2.373000144958496,-3.961276,-0.912501,-12.615761,0.35599,0.042376,0.073061
2.373000144958496,-3.961276,-0.912501,-12.615761,0.35599,0.042376,0.073061
2.373000144958496,-3.961276,-0.912501,-12.615761,0.35599,0.042376,0.073061
2.373000144958496,-3.961276,-0.912501,-12.615761,0.35599,0.042376,0.073061
2.373000144958496,-3.961276,-0.912501,-12.615761,0.35599,0.042376,0.073061
2.373000144958496,-3.961276,-0.912501,-12.615761,0.35599,0.042376,0.073061
2.373000144958496,-3.961276,-0.912501,-12.615761,0.35599,0.042376,0.073061
2.373000144958496,-3.961276,-0.912501,-12.615761,0.35599,0.042376,0.073061
2.373000144958496,-3.961276,-0.912501,-12.615761,0.35599,0.042376,0.073061
2.373000144958496,-3.961276,-0.912501,-12.615761,0.35599,0.042376,0.073061
2.373000144958496,-3.961276,-0.912501,-12.615761,0.35599,0.042376,0.073061
2.373000144958496,-3.961276,-0.912501,-12.615761,0.35599,0.042376,0.073061
2.373000144958496,-3.961276,-0.912501,-12.615761,0.35599,0.042376,0.073061
2.373000144958496,-3.961276,-0.912501,-12.615761,0.35599,0.042376,0.073061
2.373000144958496,-3.961276,-0.912501,-12.615761,0.35599,0.042376,0.073061
2.373000144958496,-3.961276,-0.912501,-12.615761,0.35599,0.042376,0.073061
2.373000144958496,-3.961276,-0.912501,-12.615761,0.35599,0.042376,0.073061
2.373000144958496,-3.961276,-0.912501,-12.615761,0.35599,0.042376,0.073061
2.373000144958496,-3.961276,-0.912501,-12.615761,0.35599,0.042376,0.073061
2.373000144958496,-3.961276,-0.912501,-12.615761,0.35599,0.042376,0.073061
2.373000144958496,-3.961276,-0.912501,-12.615761,0.35599,0.042376,0.073061
2.373000144958496,-3.961276,-0.912501,-12.615761,0.35599,0.042376,0.073061
2.373000144958496,-3.961276,-0.912501,-12.615761,0.35599,0.042376,0.073061
2.373000144958496,-3.961276,-0.912501,-12.615761,0.35599,0.042376,0.073061
2.373000144958496,-3.961276,-0.912501,-12.615761,0.35599,0.042376,0.073061
2.373000144958496,-3.961276,-0.912501,-12.615761,0.35599,0.042376,0.073061
2.373000144958496,-3.961276,-0.912501,-12.615761,0.35599,0.042376,0.073061
2.373000144958496,-3.961276,-0.912501,-12.615761,0.35599,0.042376,0.073061
2.373000144958496,-3.961276,-0.912501,-12.615761,0.35599,0.042376,0.073061
2.373000144958496,-3.961276,-0.912501,-12.615761,0.35599,0.042376,0.073061
2.373000144958496,-3.961276,-0.912501,-12.615761,0.35599,0.042376,0.073061
2.373000144958496,-3.961276,-0.912501,-12.615761,0.35599,0.042376,0.073061
2.373000144958496,-3.961276,-0.912501,-12.615761,0.35599,0.042376,0.073061
2.373000144958496,-3.961276,-0.912501,-12.615761,0.35599,0.042376,0.073061
2.373000144958496,-3.961276,-0.912501,-12.615761,0.35599,0.042376,0.073061
2.373000144958496,-3.961276,-0.912501,-12.615761,0.35599,0.042376,0.073061
2.373000144958496,-3.961276,-0.912501,-12.615761,0.35599,0.042376,0.073061
2.373000144958496,-3.961276,-0.912501,-12.615761,0.35599,0.042376,0.073061
2.373000144958496,-3.961276,-0.912501,-12.615761,0.35599,0.042376,0.073061
2.373000144958496,-3.961276,-0.912501,-12.615761,0.35599,0.042376,0.073061
2.373000144958496,-3.961276,-0.912501,-12.615761,0.35599,0.042376,0.073061
2.373000144958496,-3.961276,-0.912501,-12.615761,0.35599,0.042376,0.073061
2.373000144958496,-3.961276,-0.912501,-12.615761,0.35599,0.042376,0.073061
2.373000144958496,-3.961276,-0.912501,-12.615761,0.35599,0.042376,0.073061
2.373000144958496,-3.961276,-0.912501,-12.615761,0.35599,0.042376,0.073061
2.373000144958496,-3.961276,-0.912501,-12.615761,0.35599,0.042376,0.073061
2.373000144958496,-3.961276,-0.912501,-12.615761,0.35599,0.042376,0.073061
2.373000144958496,-3.961276,-0.912501,-12.615761,0.35599,0.042376,0.073061
2.373000144958496,-3.961276,-0.912501,-12.615761,0.35599,0.042376,0.073061
2.373000144958496,-3.961276,-0.912501,-12.615761,0.35599,0.042376,0.073061
2.373000144958496,-3.961276,-0.912501,-12.615761,0.35599,0.042376,0.073061
2.373000144958496,-3.961276,-0.912501,-12.615761,0.35599,0.042376,0.073061
2.373000144958496,-3.961276,-0.912501,-12.615761,0.35599,0.042376,0.073061
2.373000144958496,-3.961276,-0.912501,-12.615761,0.35599,0.042376,0.073061
2.373000144958496,-3.961276,-0.912501,-12.615761,0.35599,0.042376,0.073061
2.373000144958496,-3.961276,-0.912501,-12.615761,0.35599,0.042376,0.073061
2.373000144958496,-3.961276,-0.912501,-12.615761,0.35599,0.042376,0.073061
2.373000144958496,-3.961276,-0.912501,-12.615761,0.35599,0.042376,0.073061
2.373000144958496,-3.961276,-0.912501,-12.615761,0.35599,0.042376,0.073061
2.373000144958496,-3.961276,-0.912501,-12.615761,0.35599,0.042376,0.073061
2.373000144958496,-3.961276,-0.912501,-12.615761,0.35599,0.042376,0.073061
2.373000144958496,-3.961276,-0.912501,-12.615761,0.35599,0.042376,0.073061
2.373000144958496,-3.961276,-0.912501,-12.615761,0.35599,0.042376,0.073061
2.373000144958496,-3.961276,-0.912501,-12.615761,0.35599,0.042376,0.073061
2.373000144958496,-3.961276,-0.912501,-12.615761,0.35599,0.042376,0.073061
2.373000144958496,-3.961276,-0.912501,-12.615761,0.35599,0.042376,0.073061
2.373000144958496,-3.961276,-0.912501,-12.615761,0.35599,0.042376,0.073061
2.373000144958496,-3.961276,-0.912501,-12.615761,0.35599,0.042376,0.073061
2.373000144958496,-3.961276,-0.912501,-12.615761,0.35599,0.042376,0.073061
2.373000144958496,-3.961276,-0.912501,-12.615761,0.35599,0.042376,0.073061
2.373000144958496,-3.961276,-0.912501,-12.615761,0.35599,0.042376,0.073061
2.373000144958496,-3.961276,-0.912501,-12.615761,0.35599,0.042376,0.073061
2.373000144958496,-3.961276,-0.912501,-12.615761,0.35599,0.042376,0.073061
2.373000144958496,-3.961276,-0.912501,-12.615761,0.35599,0.042376,0.073061
2.373000144958496,-3.961276,-0.912501,-12.615761,0.35599,0.042376,0.073061
2.373000144958496,-3.961276,-0.912501,-12.615761,0.35599,0.042376,0.073061
2.373000144958496,-3.961276,-0.912501,-12.615761,0.35599,0.042376,0.073061
2.373000144958496,-3.961276,-0.912501,-12.615761,0.35599,0.042376,0.073061
2.373000144958496,-3.961276,-0.912501,-12.615761,0.35599,0.042376,0.073061
2.373000144958496,-3.961276,-0.912501,-12.615761,0.35599,0.042376,0.073061
2.373000144958496,-3.961276,-0.912501,-12.615761,0.35599,0.042376,0.073061
2.373000144958496,-3.961276,-0.912501,-12.615761,0.35599,0.042376,0.073061
2.373000144958496,-3.961276,-0.912501,-12.615761,0.35599,0.042376,0.073061
2.373000144958496,-3.961276,-0.912501,-12.615761,0.35599,0.042376,0.073061
2.373000144958496,-3.961276,-0.912501,-12.615761,0.35599,0.042376,0.073061
2.373000144958496,-3.961276,-0.912501,-12.615761,0.35599,0.042376,0.073061
2.373000144958496,-3.961276,-0.912501,-12.615761,0.35599,0.042376,0.073061
2.373000144958496,-3.961276,-0.912501,-12.615761,0.35599,0.042376,0.073061
2.373000144958496,-3.961276,-0.912501,-12.615761,0.35599,0.042376,0.073061
2.373000144958496,-3.961276,-0.912501,-12.615761,0.35599,0.042376,0.073061
2.373000144958496,-3.961276,-0.912501,-12.615761,0.35599,0.042376,0.073061
2.373000144958496,-3.961276,-0.912501,-12.615761,0.35599,0.042376,0.073061
2.373000144958496,-3.961276,-0.912501,-12.615761,0.35599,0.042376,0.073061
2.373000144958496,-3.961276,-0.912501,-12.615761,0.35599,0.042376,0.073061
2.373000144958496,-3.961276,-0.912501,-12.615761,0.35599,0.042376,0.073061
2.373000144958496,-3.961276,-0.912501,-12.615761,0.35599,0.042376,0.073061
2.373000144958496,-3.961276,-0.912501,-12.615761,0.35599,0.042376,0.073061
2.373000144958496,-3.961276,-0.912501,-12.615761,0.35599,0.042376,0.073061
2.373000144958496,-3.961276,-0.912501,-12.615761,0.35599,0.042376,0.073061
2.373000144958496,-3.961276,-0.912501,-12.615761,0.35599,0.042376,0.073061
2.373000144958496,-3.961276,-0.912501,-12.615761,0.35599,0.042376,0.073061
2.373000144958496,-3.961276,-0.912501,-12.615761,0.35599,0.042376,0.073061
2.373000144958496,-3.961276,-0.912501,-12.615761,0.35599,0.042376,0.073061
2.373000144958496,-3.961276,-0.912501,-12.615761,0.35599,0.042376,0.073061
2.373000144958496,-3.961276,-0.912501,-12.615761,0.35599,0.042376,0.073061
2.373000144958496,-3.961276,-0.912501,-12.615761,0.35599,0.042376,0.073061
2.373000144958496,-3.961276,-0.912501,-12.615761,0.35599,0.042376,0.073061
2.373000144958496,-3.961276,-0.912501,-12.615761,0.35599,0.042376,0.073061
2.373000144958496,-3.961276,-0.912501,-12.615761,0.35599,0.042376,0.073061
2.373000144958496,-3.961276,-0.912501,-12.615761,0.35599,0.042376,0.073061
2.373000144958496,-3.961276,-0.912501,-12.615761,0.35599,0.042376,0.073061
2.373000144958496,-3.961276,-0.912501,-12.615761,0.35599,0.042376,0.073061
2.373000144958496,-3.961276,-0.912501,-12.615761,0.35599,0.042376,0.073061
2.373000144958496,-3.961276,-0.912501,-12.615761,0.35599,0.042376,0.073061
2.373000144958496,-3.961276,-0.912501,-12.615761,0.35599,0.042376,0.073061
2.373000144958496,-3.961276,-0.912501,-12.615761,0.35599,0.042376,0.073061
2.373000144958496,-3.961276,-0.912501,-12.615761,0.35599,0.042376,0.073061
2.373000144958496,-3.961276,-0.912501,-12.615761,0.35599,0.042376,0.073061
2.373000144958496,-3.961276,-0.912501,-12.615761,0.35599,0.042376,0.073061
2.373000144958496,-3.961276,-0.912501,-12.615761,0.35599,0.042376,0.073061
2.373000144958496,-3.961276,-0.912501,-12.615761,0.35599,0.042376,0.073061
2.373000144958496,-3.961276,-0.912501,-12.615761,0.35599,0.042376,0.073061
2.373000144958496,-3.961276,-0.912501,-12.615761,0.35599,0.042376,0.073061
2.373000144958496,-3.961276,-0.912501,-12.615761,0.35599,0.042376,0.073061
2.373000144958496,-3.961276,-0.912501,-12.615761,0.35599,0.042376,0.073061
2.373000144958496,-3.961276,-0.912501,-12.615761,0.35599,0.042376,0.073061
2.373000144958496,-3.961276,-0.912501,-12.615761,0.35599,0.042376,0.073061
2.373000144958496,-3.961276,-0.912501,-12.615761,0.35599,0.042376,0.073061
2.373000144958496,-3.961276,-0.912501,-12.615761,0.35599,0.042376,0.073061
2.373000144958496,-3.961276,-0.912501,-12.615761,0.35599,0.042376,0.073061
2.373000144958496,-3.961276,-0.912501,-12.615761,0.35599,0.042376,0.073061
2.373000144958496,-3.961276,-0.912501,-12.615761,0.35599,0.042376,0.073061
2.373000144958496,-3.961276,-0.912501,-12.615761,0.35599,0.042376,0.073061
2.373000144958496,-3.961276,-0.912501,-12.615761,0.35599,0.042376,0.073061
2.373000144958496,-3.961276,-0.912501,-12.615761,0.35599,0.042376,0.073061
2.373000144958496,-3.961276,-0.912501,-12.615761,0.35599,0.042376,0.073061
2.373000144958496,-3.961276,-0.912501,-12.615761,0.35599,0.042376,0.073061
2.373000144958496,-3.961276,-0.912501,-12.615761,0.35599,0.042376,0.073061
2.373000144958496,-3.961276,-0.912501,-12.615761,0.35599,0.042376,0.073061
2.373000144958496,-3.961276,-0.912501,-12.615761,0.35599,0.042376,0.073061
2.373000144958496,-3.961276,-0.912501,-12.615761,0.35599,0.042376,0.073061
2.373000144958496,-3.961276,-0.912501,-12.615761,0.35599,0.042376,0.073061
2.373000144958496,-3.961276,-0.912501,-12.615761,0.35599,0.042376,0.073061
2.373000144958496,-3.961276,-0.912501,-12.615761,0.35599,0.042376,0.073061
2.373000144958496,-3.961276,-0.912501,-12.615761,0.35599,0.042376,0.073061
2.373000144958496,-3.961276,-0.912501,-12.615761,0.35599,0.042376,0.073061
2.373000144958496,-3.961276,-0.912501,-12.615761,0.35599,0.042376,0.073061
2.373000144958496,-3.961276,-0.912501,-12.615761,0.35599,0.042376,0.073061
2.373000144958496,-3.961276,-0.912501,-12.615761,0.35599,0.042376,0.073061
2.373000144958496,-3.961276,-0.912501,-12.615761,0.35599,0.042376,0.073061
2.373000144958496,-3.961276,-0.912501,-12.615761,0.35599,0.042376,0.073061
2.373000144958496,-3.961276,-0.912501,-12.615761,0.35599,0.042376,0.073061
2.373000144958496,-3.961276,-0.912501,-12.615761,0.35599,0.042376,0.073061
2.373000144958496,-3.961276,-0.912501,-12.615761,0.35599,0.042376,0.073061
2.373000144958496,-3.961276,-0.912501,-12.615761,0.35599,0.042376,0.073061
2.373000144958496,-3.961276,-0.912501,-12.615761,0.35599,0.042376,0.073061
2.373000144958496,-3.961276,-0.912501,-12.615761,0.35599,0.042376,0.073061
2.373000144958496,-3.961276,-0.912501,-12.615761,0.35599,0.042376,0.073061
2.373000144958496,-3.961276,-0.912501,-12.615761,0.35599,0.042376,0.073061
2.373000144958496,-3.961276,-0.912501,-12.615761,0.35599,0.042376,0.073061
2.373000144958496,-3.961276,-0.912501,-12.615761,0.35599,0.042376,0.073061
2.373000144958496,-3.961276,-0.912501,-12.615761,0.35599,0.042376,0.073061
2.373000144958496,-3.961276,-0.912501,-12.615761,0.35599,0.042376,0.073061
2.373000144958496,-3.961276,-0.912501,-12.615761,0.35599,0.042376,0.073061
2.373000144958496,-3.961276,-0.912501,-12.615761,0.35599,0.042376,0.073061
2.373000144958496,-3.961276,-0.912501,-12.615761,0.35599,0.042376,0.073061
2.373000144958496,-3.961276,-0.912501,-12.615761,0.35599,0.042376,0.073061
2.373000144958496,-3.961276,-0.912501,-12.615761,0.35599,0.042376,0.073061
2.373000144958496,-3.961276,-0.912501,-12.615761,0.35599,0.042376,0.073061
2.373000144958496,-3.961276,-0.912501,-12.615761,0.35599,0.042376,0.073061
2.373000144958496,-3.961276,-0.912501,-12.615761,0.35599,0.042376,0.073061
2.373000144958496,-3.961276,-0.912501,-12.615761,0.35599,0.042376,0.073061
2.373000144958496,-3.961276,-0.912501,-12.615761,0.35599,0.042376,0.073061
2.373000144958496,-3.961276,-0.912501,-12.615761,0.35599,0.042376,0.073061
2.373000144958496,-3.961276,-0.912501,-12.615761,0.35599,0.042376,0.073061
2.373000144958496,-3.961276,-0.912501,-12.615761,0.35599,0.042376,0.073061
2.373000144958496,-3.961276,-0.912501,-12.615761,0.35599,0.042376,0.073061
2.373000144958496,-3.961276,-0.912501,-12.615761,0.35599,0.042376,0.073061
2.373000144958496,-3.961276,-0.912501,-12.615761,0.35599,0.042376,0.073061
2.373000144958496,-3.961276,-0.912501,-12.615761,0.35599,0.042376,0.073061
2.373000144958496,-3.961276,-0.912501,-12.615761,0.35599,0.042376,0.073061
2.373000144958496,-3.961276,-0.912501,-12.615761,0.35599,0.042376,0.073061
2.373000144958496,-3.961276,-0.912501,-12.615761,0.35599,0.042376,0.073061
2.373000144958496,-3.961276,-0.912501,-12.615761,0.35599,0.042376,0.073061
2.373000144958496,-3.961276,-0.912501,-12.615761,0.35599,0.042376,0.073061
2.373000144958496,-3.961276,-0.912501,-12.615761,0.35599,0.042376,0.073061
2.373000144958496,-3.961276,-0.912501,-12.615761,0.35599,0.042376,0.073061
2.373000144958496,-3.961276,-0.912501,-12.615761,0.35599,0.042376,0.073061
2.373000144958496,-3.961276,-0.912501,-12.615761,0.35599,0.042376,0.073061
2.373000144958496,-3.961276,-0.912501,-12.615761,0.35599,0.042376,0.073061
2.373000144958496,-3.961276,-0.912501,-12.615761,0.35599,0.042376,0.073061
2.373000144958496,-3.961276,-0.912501,-12.615761,0.35599,0.042376,0.073061
2.373000144958496,-3.961276,-0.912501,-12.615761,0.35599,0.042376,0.073061
2.373000144958496,-3.961276,-0.912501,-12.615761,0.35599,0.042376,0.073061
2.373000144958496,-3.961276,-0.912501,-12.615761,0.35599,0.042376,0.073061
2.373000144958496,-3.961276,-0.912501,-12.615761,0.35599,0.042376,0.073061
2.373000144958496,-3.961276,-0.912501,-12.615761,0.35599,0.042376,0.073061
2.373000144958496,-3.961276,-0.912501,-12.615761,0.35599,0.042376,0.073061
2.373000144958496,-3.961276,-0.912501,-12.615761,0.35599,0.042376,0.073061
2.373000144958496,-3.961276,-0.912501,-12.615761,0.35599,0.042376,0.073061
2.373000144958496,-3.961276,-0.912501,-12.615761,0.35599,0.042376,0.073061
2.373000144958496,-3.961276,-0.912501,-12.615761,0.35599,0.042376,0.073061
2.373000144958496,-3.961276,-0.912501,-12.615761,0.35599,0.042376,0.073061
2.373000144958496,-3.961276,-0.912501,-12.615761,0.35599,0.042376,0.073061
2.373000144958496,-3.961276,-0.912501,-12.615761,0.35599,0.042376,0.073061
2.373000144958496,-3.961276,-0.912501,-12.615761,0.35599,0.042376,0.073061
2.373000144958496,-3.961276,-0.912501,-12.615761,0.35599,0.042376,0.073061
2.373000144958496,-3.961276,-0.912501,-12.615761,0.35599,0.042376,0.073061
2.373000144958496,-3.961276,-0.912501,-12.615761,0.35599,0.042376,0.073061
2.373000144958496,-3.961276,-0.912501,-12.615761,0.35599,0.042376,0.073061
2.373000144958496,-3.961276,-0.912501,-12.615761,0.35599,0.042376,0.073061
2.373000144958496,-3.961276,-0.912501,-12.615761,0.35599,0.042376,0.073061
2.373000144958496,-3.961276,-0.912501,-12.615761,0.35599,0.042376,0.073061
2.373000144958496,-3.961276,-0.912501,-12.615761,0.35599,0.042376,0.073061
2.373000144958496,-3.961276,-0.912501,-12.615761,0.35599,0.042376,0.073061
2.373000144958496,-3.961276,-0.912501,-12.615761,0.35599,0.042376,0.073061
2.373000144958496,-3.961276,-0.912501,-12.615761,0.35599,0.042376,0.073061
2.373000144958496,-3.961276,-0.912501,-12.615761,0.35599,0.042376,0.073061
2.373000144958496,-3.961276,-0.912501,-12.615761,0.35599,0.042376,0.073061
2.373000144958496,-3.961276,-0.912501,-12.615761,0.35599,0.042376,0.073061
2.373000144958496,-3.961276,-0.912501,-12.615761,0.35599,0.042376,0.073061
2.373000144958496,-3.961276,-0.912501,-12.615761,0.35599,0.042376,0.073061
2.373000144958496,-3.961276,-0.912501,-12.615761,0.35599,0.042376,0.073061
2.373000144958496,-3.961276,-0.912501,-12.615761,0.35599,0.042376,0.073061
2.373000144958496,-3.961276,-0.912501,-12.615761,0.35599,0.042376,0.073061
2.373000144958496,-3.961276,-0.912501,-12.615761,0.35599,0.042376,0.073061
2.373000144958496,-3.961276,-0.912501,-12.615761,0.35599,0.042376,0.073061
2.373000144958496,-3.961276,-0.912501,-12.615761,0.35599,0.042376,0.073061
2.373000144958496,-3.961276,-0.912501,-12.615761,0.35599,0.042376,0.073061
2.373000144958496,-3.961276,-0.912501,-12.615761,0.35599,0.042376,0.073061
2.373000144958496,-3.961276,-0.912501,-12.615761,0.35599,0.042376,0.073061
2.373000144958496,-3.961276,-0.912501,-12.615761,0.35599,0.042376,0.073061
2.373000144958496,-3.961276,-0.912501,-12.615761,0.35599,0.042376,0.073061
2.373000144958496,-3.961276,-0.912501,-12.615761,0.35599,0.042376,0.073061
2.373000144958496,-3.961276,-0.912501,-12.615761,0.35599,0.042376,0.073061
2.373000144958496,-3.961276,-0.912501,-12.615761,0.35599,0.042376,0.073061
2.373000144958496,-3.961276,-0.912501,-12.615761,0.35599,0.042376,0.073061
2.373000144958496,-3.961276,-0.912501,-12.615761,0.35599,0.042376,0.073061
2.373000144958496,-3.961276,-0.912501,-12.615761,0.35599,0.042376,0.073061
2.373000144958496,-3.961276,-0.912501,-12.615761,0.35599,0.042376,0.073061
2.373000144958496,-3.961276,-0.912501,-12.615761,0.35599,0.042376,0.073061
2.373000144958496,-3.961276,-0.912501,-12.615761,0.35599,0.042376,0.073061
2.373000144958496,-3.961276,-0.912501,-12.615761,0.35599,0.042376,0.073061
2.373000144958496,-3.961276,-0.912501,-12.615761,0.35599,0.042376,0.073061
2.373000144958496,-3.961276,-0.912501,-12.615761,0.35599,0.042376,0.073061
2.373000144958496,-3.961276,-0.912501,-12.615761,0.35599,0.042376,0.073061
2.373000144958496,-3.961276,-0.912501,-12.615761,0.35599,0.042376,0.073061
2.373000144958496,-3.961276,-0.912501,-12.615761,0.35599,0.042376,0.073061
2.373000144958496,-3.961276,-0.912501,-12.615761,0.35599,0.042376,0.073061
2.373000144958496,-3.961276,-0.912501,-12.615761,0.35599,0.042376,0.073061
2.373000144958496,-3.961276,-0.912501,-12.615761,0.35599,0.042376,0.073061
2.373000144958496,-3.961276,-0.912501,-12.615761,0.35599,0.042376,0.073061
2.373000144958496,-3.961276,-0.912501,-12.615761,0.35599,0.042376,0.073061
2.373000144958496,-3.961276,-0.912501,-12.615761,0.35599,0.042376,0.073061
2.373000144958496,-3.961276,-0.912501,-12.615761,0.35599,0.042376,0.073061
2.373000144958496,-3.961276,-0.912501,-12.615761,0.35599,0.042376,0.073061
2.373000144958496,-3.961276,-0.912501,-12.615761,0.35599,0.042376,0.073061
2.373000144958496,-3.961276,-0.912501,-12.615761,0.35599,0.042376,0.073061
2.373000144958496,-3.961276,-0.912501,-12.615761,0.35599,0.042376,0.073061
2.373000144958496,-3.961276,-0.912501,-12.615761,0.35599,0.042376,0.073061
2.373000144958496,-3.961276,-0.912501,-12.615761,0.35599,0.042376,0.073061
2.373000144958496,-3.961276,-0.912501,-12.615761,0.35599,0.042376,0.073061
2.373000144958496,-3.961276,-0.912501,-12.615761,0.35599,0.042376,0.073061
2.373000144958496,-3.961276,-0.912501,-12.615761,0.35599,0.042376,0.073061
2.373000144958496,-3.961276,-0.912501,-12.615761,0.35599,0.042376,0.073061
2.373000144958496,-3.961276,-0.912501,-12.615761,0.35599,0.042376,0.073061
2.373000144958496,-3.961276,-0.912501,-12.615761,0.35599,0.042376,0.073061
2.373000144958496,-3.961276,-0.912501,-12.615761,0.35599,0.042376,0.073061
2.373000144958496,-3.961276,-0.912501,-12.615761,0.35599,0.042376,0.073061
2.373000144958496,-3.961276,-0.912501,-12.615761,0.35599,0.042376,0.073061
2.373000144958496,-3.961276,-0.912501,-12.615761,0.35599,0.042376,0.073061
2.373000144958496,-3.961276,-0.912501,-12.615761,0.35599,0.042376,0.073061
2.373000144958496,-3.961276,-0.912501,-12.615761,0.35599,0.042376,0.073061
2.373000144958496,-3.961276,-0.912501,-12.615761,0.35599,0.042376,0.073061
2.373000144958496,-3.961276,-0.912501,-12.615761,0.35599,0.042376,0.073061
2.373000144958496,-3.961276,-0.912501,-12.615761,0.35599,0.042376,0.073061
2.373000144958496,-3.961276,-0.912501,-12.615761,0.35599,0.042376,0.073061
2.373000144958496,-3.961276,-0.912501,-12.615761,0.35599,0.042376,0.073061
2.373000144958496,-3.961276,-0.912501,-12.615761,0.35599,0.042376,0.073061
2.373000144958496,-3.961276,-0.912501,-12.615761,0.35599,0.042376,0.073061
2.373000144958496,-3.961276,-0.912501,-12.615761,0.35599,0.042376,0.073061
2.373000144958496,-3.961276,-0.912501,-12.615761,0.35599,0.042376,0.073061
2.373000144958496,-3.961276,-0.912501,-12.615761,0.35599,0.042376,0.073061
2.373000144958496,-3.961276,-0.912501,-12.615761,0.35599,0.042376,0.073061
2.373000144958496,-3.961276,-0.912501,-12.615761,0.35599,0.042376,0.073061
2.373000144958496,-3.961276,-0.912501,-12.615761,0.35599,0.042376,0.073061
2.373000144958496,-3.961276,-0.912501,-12.615761,0.35599,0.042376,0.073061
2.373000144958496,-3.961276,-0.912501,-12.615761,0.35599,0.042376,0.073061
2.373000144958496,-3.961276,-0.912501,-12.615761,0.35599,0.042376,0.073061
2.373000144958496,-3.961276,-0.912501,-12.615761,0.35599,0.042376,0.073061
2.373000144958496,-3.961276,-0.912501,-12.615761,0.35599,0.042376,0.073061
2.373000144958496,-3.961276,-0.912501,-12.615761,0.35599,0.042376,0.073061
2.373000144958496,-3.961276,-0.912501,-12.615761,0.35599,0.042376,0.073061
2.373000144958496,-3.961276,-0.912501,-12.615761,0.35599,0.042376,0.073061
2.373000144958496,-3.961276,-0.912501,-12.615761,0.35599,0.042376,0.073061
2.373000144958496,-3.961276,-0.912501,-12.615761,0.35599,0.042376,0.073061
2.373000144958496,-3.961276,-0.912501,-12.615761,0.35599,0.042376,0.073061
2.373000144958496,-3.961276,-0.912501,-12.615761,0.35599,0.042376,0.073061
2.373000144958496,-3.961276,-0.912501,-12.615761,0.35599,0.042376,0.073061
2.373000144958496,-3.961276,-0.912501,-12.615761,0.35599,0.042376,0.073061
2.373000144958496,-3.961276,-0.912501,-12.615761,0.35599,0.042376,0.073061
2.373000144958496,-3.961276,-0.912501,-12.615761,0.35599,0.042376,0.073061
2.373000144958496,-3.961276,-0.912501,-12.615761,0.35599,0.042376,0.073061
2.373000144958496,-3.961276,-0.912501,-12.615761,0.35599,0.042376,0.073061
2.373000144958496,-3.961276,-0.912501,-12.615761,0.35599,0.042376,0.073061
2.373000144958496,-3.961276,-0.912501,-12.615761,0.35599,0.042376,0.073061
2.373000144958496,-3.961276,-0.912501,-12.615761,0.35599,0.042376,0.073061
2.373000144958496,-3.961276,-0.912501,-12.615761,0.35599,0.042376,0.073061
2.373000144958496,-3.961276,-0.912501,-12.615761,0.35599,0.042376,0.073061
2.373000144958496,-3.961276,-0.912501,-12.615761,0.35599,0.042376,0.073061
2.373000144958496,-3.961276,-0.912501,-12.615761,0.35599,0.042376,0.073061
2.373000144958496,-3.961276,-0.912501,-12.615761,0.35599,0.042376,0.073061
2.373000144958496,-3.961276,-0.912501,-12.615761,0.35599,0.042376,0.073061
2.373000144958496,-3.961276,-0.912501,-12.615761,0.35599,0.042376,0.073061
2.373000144958496,-3.961276,-0.912501,-12.615761,0.35599,0.042376,0.073061
2.373000144958496,-3.961276,-0.912501,-12.615761,0.35599,0.042376,0.073061
2.373000144958496,-3.961276,-0.912501,-12.615761,0.35599,0.042376,0.073061
2.373000144958496,-3.961276,-0.912501,-12.615761,0.35599,0.042376,0.073061
2.373000144958496,-3.961276,-0.912501,-12.615761,0.35599,0.042376,0.073061
2.373000144958496,-3.961276,-0.912501,-12.615761,0.35599,0.042376,0.073061
2.373000144958496,-3.961276,-0.912501,-12.615761,0.35599,0.042376,0.073061
2.373000144958496,-3.961276,-0.912501,-12.615761,0.35599,0.042376,0.073061
2.373000144958496,-3.961276,-0.912501,-12.615761,0.35599,0.042376,0.073061
2.373000144958496,-3.961276,-0.912501,-12.615761,0.35599,0.042376,0.073061
2.373000144958496,-3.961276,-0.912501,-12.615761,0.35599,0.042376,0.073061
2.373000144958496,-3.961276,-0.912501,-12.615761,0.35599,0.042376,0.073061
2.373000144958496,-3.961276,-0.912501,-12.615761,0.35599,0.042376,0.073061
2.373000144958496,-3.961276,-0.912501,-12.615761,0.35599,0.042376,0.073061
2.373000144958496,-3.961276,-0.912501,-12.615761,0.35599,0.042376,0.073061
2.373000144958496,-3.961276,-0.912501,-12.615761,0.35599,0.042376,0.073061
2.373000144958496,-3.961276,-0.912501,-12.615761,0.35599,0.042376,0.073061
2.373000144958496,-3.961276,-0.912501,-12.615761,0.35599,0.042376,0.073061
2.373000144958496,-3.961276,-0.912501,-12.615761,0.35599,0.042376,0.073061
2.373000144958496,-3.961276,-0.912501,-12.615761,0.35599,0.042376,0.073061
2.373000144958496,-3.961276,-0.912501,-12.615761,0.35599,0.042376,0.073061
2.373000144958496,-3.961276,-0.912501,-12.615761,0.35599,0.042376,0.073061
2.373000144958496,-3.961276,-0.912501,-12.615761,0.35599,0.042376,0.073061
2.373000144958496,-3.961276,-0.912501,-12.615761,0.35599,0.042376,0.073061
2.373000144958496,-3.961276,-0.912501,-12.615761,0.35599,0.042376,0.073061
2.373000144958496,-3.961276,-0.912501,-12.615761,0.35599,0.042376,0.073061
2.373000144958496,-3.961276,-0.912501,-12.615761,0.35599,0.042376,0.073061
2.373000144958496,-3.961276,-0.912501,-12.615761,0.35599,0.042376,0.073061
2.373000144958496,-3.961276,-0.912501,-12.615761,0.35599,0.042376,0.073061
2.373000144958496,-3.961276,-0.912501,-12.615761,0.35599,0.042376,0.073061
2.373000144958496,-3.961276,-0.912501,-12.615761,0.35599,0.042376,0.073061
2.373000144958496,-3.961276,-0.912501,-12.615761,0.35599,0.042376,0.073061
2.373000144958496,-3.961276,-0.912501,-12.615761,0.35599,0.042376,0.073061
2.373000144958496,-3.961276,-0.912501,-12.615761,0.35599,0.042376,0.073061
2.373000144958496,-3.961276,-0.912501,-12.615761,0.35599,0.042376,0.073061
2.373000144958496,-3.961276,-0.912501,-12.615761,0.35599,0.042376,0.073061
2.373000144958496,-3.961276,-0.912501,-12.615761,0.35599,0.042376,0.073061
2.373000144958496,-3.961276,-0.912501,-12.615761,0.35599,0.042376,0.073061
2.373000144958496,-3.961276,-0.912501,-12.615761,0.35599,0.042376,0.073061
2.373000144958496,-3.961276,-0.912501,-12.615761,0.35599,0.042376,0.073061
2.373000144958496,-3.961276,-0.912501,-12.615761,0.35599,0.042376,0.073061
2.373000144958496,-3.961276,-0.912501,-12.615761,0.35599,0.042376,0.073061
2.373000144958496,-3.961276,-0.912501,-12.615761,0.35599,0.042376,0.073061
2.373000144958496,-3.961276,-0.912501,-12.615761,0.35599,0.042376,0.073061
2.373000144958496,-3.961276,-0.912501,-12.615761,0.35599,0.042376,0.073061
2.373000144958496,-3.961276,-0.912501,-12.615761,0.35599,0.042376,0.073061
2.373000144958496,-3.961276,-0.912501,-12.615761,0.35599,0.042376,0.073061
2.373000144958496,-3.961276,-0.912501,-12.615761,0.35599,0.042376,0.073061
2.373000144958496,-3.961276,-0.912501,-12.615761,0.35599,0.042376,0.073061
2.373000144958496,-3.961276,-0.912501,-12.615761,0.35599,0.042376,0.073061
2.373000144958496,-3.961276,-0.912501,-12.615761,0.35599,0.042376,0.073061
2.373000144958496,-3.961276,-0.912501,-12.615761,0.35599,0.042376,0.073061
2.373000144958496,-3.961276,-0.912501,-12.615761,0.35599,0.042376,0.073061
2.373000144958496,-3.961276,-0.912501,-12.615761,0.35599,0.042376,0.073061
2.373000144958496,-3.961276,-0.912501,-12.615761,0.35599,0.042376,0.073061
2.373000144958496,-3.961276,-0.912501,-12.615761,0.35599,0.042376,0.073061
2.373000144958496,-3.961276,-0.912501,-12.615761,0.35599,0.042376,0.073061
2.373000144958496,-3.961276,-0.912501,-12.615761,0.35599,0.042376,0.073061
2.373000144958496,-3.961276,-0.912501,-12.615761,0.35599,0.042376,0.073061
2.373000144958496,-3.961276,-0.912501,-12.615761,0.35599,0.042376,0.073061
2.373000144958496,-3.961276,-0.912501,-12.615761,0.35599,0.042376,0.073061
2.373000144958496,-3.961276,-0.912501,-12.615761,0.35599,0.042376,0.073061
2.373000144958496,-3.961276,-0.912501,-12.615761,0.35599,0.042376,0.073061
2.373000144958496,-3.961276,-0.912501,-12.615761,0.35599,0.042376,0.073061
2.373000144958496,-3.961276,-0.912501,-12.615761,0.35599,0.042376,0.073061
2.373000144958496,-3.961276,-0.912501,-12.615761,0.35599,0.042376,0.073061
2.373000144958496,-3.961276,-0.912501,-12.615761,0.35599,0.042376,0.073061
2.373000144958496,-3.961276,-0.912501,-12.615761,0.35599,0.042376,0.073061
2.373000144958496,-3.961276,-0.912501,-12.615761,0.35599,0.042376,0.073061
2.373000144958496,-3.961276,-0.912501,-12.615761,0.35599,0.042376,0.073061
2.373000144958496,-3.961276,-0.912501,-12.615761,0.35599,0.042376,0.073061
2.373000144958496,-3.961276,-0.912501,-12.615761,0.35599,0.042376,0.073061
2.373000144958496,-3.961276,-0.912501,-12.615761,0.35599,0.042376,0.073061
2.373000144958496,-3.961276,-0.912501,-12.615761,0.35599,0.042376,0.073061
2.373000144958496,-3.961276,-0.912501,-12.615761,0.35599,0.042376,0.073061
2.373000144958496,-3.961276,-0.912501,-12.615761,0.35599,0.042376,0.073061
2.373000144958496,-3.961276,-0.912501,-12.615761,0.35599,0.042376,0.073061
2.373000144958496,-3.961276,-0.912501,-12.615761,0.35599,0.042376,0.073061
2.373000144958496,-3.961276,-0.912501,-12.615761,0.35599,0.042376,0.073061
2.373000144958496,-3.961276,-0.912501,-12.615761,0.35599,0.042376,0.073061
2.373000144958496,-3.961276,-0.912501,-12.615761,0.35599,0.042376,0.073061
2.373000144958496,-3.961276,-0.912501,-12.615761,0.35599,0.042376,0.073061
2.373000144958496,-3.961276,-0.912501,-12.615761,0.35599,0.042376,0.073061
2.373000144958496,-3.961276,-0.912501,-12.615761,0.35599,0.042376,0.073061
2.373000144958496,-3.961276,-0.912501,-12.615761,0.35599,0.042376,0.073061
2.373000144958496,-3.961276,-0.912501,-12.615761,0.35599,0.042376,0.073061
2.373000144958496,-3.961276,-0.912501,-12.615761,0.35599,0.042376,0.073061
2.373000144958496,-3.961276,-0.912501,-12.615761,0.35599,0.042376,0.073061
2.373000144958496,-3.961276,-0.912501,-12.615761,0.35599,0.042376,0.073061
2.373000144958496,-3.961276,-0.912501,-12.615761,0.35599,0.042376,0.073061
2.373000144958496,-3.961276,-0.912501,-12.615761,0.35599,0.042376,0.073061
2.373000144958496,-3.961276,-0.912501,-12.615761,0.35599,0.042376,0.073061
2.373000144958496,-3.961276,-0.912501,-12.615761,0.35599,0.042376,0.073061
2.373000144958496,-3.961276,-0.912501,-12.615761,0.35599,0.042376,0.073061
2.373000144958496,-3.961276,-0.912501,-12.615761,0.35599,0.042376,0.073061
2.373000144958496,-3.961276,-0.912501,-12.615761,0.35599,0.042376,0.073061
2.373000144958496,-3.961276,-0.912501,-12.615761,0.35599,0.042376,0.073061
2.373000144958496,-3.961276,-0.912501,-12.615761,0.35599,0.042376,0.073061
2.373000144958496,-3.961276,-0.912501,-12.615761,0.35599,0.042376,0.073061
2.373000144958496,-3.961276,-0.912501,-12.615761,0.35599,0.042376,0.073061
2.373000144958496,-3.961276,-0.912501,-12.615761,0.35599,0.042376,0.073061
2.373000144958496,-3.961276,-0.912501,-12.615761,0.35599,0.042376,0.073061
2.373000144958496,-3.961276,-0.912501,-12.615761,0.35599,0.042376,0.073061
2.373000144958496,-3.961276,-0.912501,-12.615761,0.35599,0.042376,0.073061
2.373000144958496,-3.961276,-0.912501,-12.615761,0.35599,0.042376,0.073061
2.373000144958496,-3.961276,-0.912501,-12.615761,0.35599,0.042376,0.073061
2.373000144958496,-3.961276,-0.912501,-12.615761,0.35599,0.042376,0.073061
2.373000144958496,-3.961276,-0.912501,-12.615761,0.35599,0.042376,0.073061
2.373000144958496,-3.961276,-0.912501,-12.615761,0.35599,0.042376,0.073061
2.373000144958496,-3.961276,-0.912501,-12.615761,0.35599,0.042376,0.073061
2.373000144958496,-3.961276,-0.912501,-12.615761,0.35599,0.042376,0.073061
2.373000144958496,-3.961276,-0.912501,-12.615761,0.35599,0.042376,0.073061
2.373000144958496,-3.961276,-0.912501,-12.615761,0.35599,0.042376,0.073061
2.373000144958496,-3.961276,-0.912501,-12.615761,0.35599,0.042376,0.073061
2.373000144958496,-3.961276,-0.912501,-12.615761,0.35599,0.042376,0.073061
2.373000144958496,-3.961276,-0.912501,-12.615761,0.35599,0.042376,0.073061
2.373000144958496,-3.961276,-0.912501,-12.615761,0.35599,0.042376,0.073061
2.373000144958496,-3.961276,-0.912501,-12.615761,0.35599,0.042376,0.073061
2.373000144958496,-3.961276,-0.912501,-12.615761,0.35599,0.042376,0.073061
2.373000144958496,-3.961276,-0.912501,-12.615761,0.35599,0.042376,0.073061
2.373000144958496,-3.961276,-0.912501,-12.615761,0.35599,0.042376,0.073061
2.373000144958496,-3.961276,-0.912501,-12.615761,0.35599,0.042376,0.073061
2.373000144958496,-3.961276,-0.912501,-12.615761,0.35599,0.042376,0.073061
2.373000144958496,-3.961276,-0.912501,-12.615761,0.35599,0.042376,0.073061
2.373000144958496,-3.961276,-0.912501,-12.615761,0.35599,0.042376,0.073061
2.373000144958496,-3.961276,-0.912501,-12.615761,0.35599,0.042376,0.073061
2.373000144958496,-3.961276,-0.912501,-12.615761,0.35599,0.042376,0.073061
2.373000144958496,-3.961276,-0.912501,-12.615761,0.35599,0.042376,0.073061
2.373000144958496,-3.961276,-0.912501,-12.615761,0.35599,0.042376,0.073061
2.373000144958496,-3.961276,-0.912501,-12.615761,0.35599,0.042376,0.073061
2.373000144958496,-3.961276,-0.912501,-12.615761,0.35599,0.042376,0.073061
2.373000144958496,-3.961276,-0.912501,-12.615761,0.35599,0.042376,0.073061
2.373000144958496,-3.961276,-0.912501,-12.615761,0.35599,0.042376,0.073061
2.373000144958496,-3.961276,-0.912501,-12.615761,0.35599,0.042376,0.073061
2.373000144958496,-3.961276,-0.912501,-12.615761,0.35599,0.042376,0.073061
2.373000144958496,-3.961276,-0.912501,-12.615761,0.35599,0.042376,0.073061
2.373000144958496,-3.961276,-0.912501,-12.615761,0.35599,0.042376,0.073061
2.373000144958496,-3.961276,-0.912501,-12.615761,0.35599,0.042376,0.073061
2.373000144958496,-3.961276,-0.912501,-12.615761,0.35599,0.042376,0.073061
2.373000144958496,-3.961276,-0.912501,-12.615761,0.35599,0.042376,0.073061
2.373000144958496,-3.961276,-0.912501,-12.615761,0.35599,0.042376,0.073061
2.373000144958496,-3.961276,-0.912501,-12.615761,0.35599,0.042376,0.073061
2.373000144958496,-3.961276,-0.912501,-12.615761,0.35599,0.042376,0.073061
2.373000144958496,-3.961276,-0.912501,-12.615761,0.35599,0.042376,0.073061
2.373000144958496,-3.961276,-0.912501,-12.615761,0.35599,0.042376,0.073061
2.373000144958496,-3.961276,-0.912501,-12.615761,0.35599,0.042376,0.073061
2.373000144958496,-3.961276,-0.912501,-12.615761,0.35599,0.042376,0.073061
2.373000144958496,-3.961276,-0.912501,-12.615761,0.35599,0.042376,0.073061
2.373000144958496,-3.961276,-0.912501,-12.615761,0.35599,0.042376,0.073061
2.373000144958496,-3.961276,-0.912501,-12.615761,0.35599,0.042376,0.073061
2.373000144958496,-3.961276,-0.912501,-12.615761,0.35599,0.042376,0.073061
2.373000144958496,-3.961276,-0.912501,-12.615761,0.35599,0.042376,0.073061
2.373000144958496,-3.961276,-0.912501,-12.615761,0.35599,0.042376,0.073061
2.373000144958496,-3.961276,-0.912501,-12.615761,0.35599,0.042376,0.073061
2.373000144958496,-3.961276,-0.912501,-12.615761,0.35599,0.042376,0.073061
2.373000144958496,-3.961276,-0.912501,-12.615761,0.35599,0.042376,0.073061
2.373000144958496,-3.961276,-0.912501,-12.615761,0.35599,0.042376,0.073061
2.373000144958496,-3.961276,-0.912501,-12.615761,0.35599,0.042376,0.073061
2.373000144958496,-3.961276,-0.912501,-12.615761,0.35599,0.042376,0.073061
2.373000144958496,-3.961276,-0.912501,-12.615761,0.35599,0.042376,0.073061
2.373000144958496,-3.961276,-0.912501,-12.615761,0.35599,0.042376,0.073061
2.373000144958496,-3.961276,-0.912501,-12.615761,0.35599,0.042376,0.073061
2.373000144958496,-3.961276,-0.912501,-12.615761,0.35599,0.042376,0.073061
2.373000144958496,-3.961276,-0.912501,-12.615761,0.35599,0.042376,0.073061
2.373000144958496,-3.961276,-0.912501,-12.615761,0.35599,0.042376,0.073061
2.373000144958496,-3.961276,-0.912501,-12.615761,0.35599,0.042376,0.073061
2.373000144958496,-3.961276,-0.912501,-12.615761,0.35599,0.042376,0.073061
2.373000144958496,-3.961276,-0.912501,-12.615761,0.35599,0.042376,0.073061
2.373000144958496,-3.961276,-0.912501,-12.615761,0.35599,0.042376,0.073061
2.373000144958496,-3.961276,-0.912501,-12.615761,0.35599,0.042376,0.073061
2.373000144958496,-3.961276,-0.912501,-12.615761,0.35599,0.042376,0.073061
2.373000144958496,-3.961276,-0.912501,-12.615761,0.35599,0.042376,0.073061
2.373000144958496,-3.961276,-0.912501,-12.615761,0.35599,0.042376,0.073061
2.373000144958496,-3.961276,-0.912501,-12.615761,0.35599,0.042376,0.073061
2.373000144958496,-3.961276,-0.912501,-12.615761,0.35599,0.042376,0.073061
2.373000144958496,-3.961276,-0.912501,-12.615761,0.35599,0.042376,0.073061
2.373000144958496,-3.961276,-0.912501,-12.615761,0.35599,0.042376,0.073061
2.373000144958496,-3.961276,-0.912501,-12.615761,0.35599,0.042376,0.073061
2.373000144958496,-3.961276,-0.912501,-12.615761,0.35599,0.042376,0.073061
2.373000144958496,-3.961276,-0.912501,-12.615761,0.35599,0.042376,0.073061
2.373000144958496,-3.961276,-0.912501,-12.615761,0.35599,0.042376,0.073061
2.373000144958496,-3.961276,-0.912501,-12.615761,0.35599,0.042376,0.073061
2.373000144958496,-3.961276,-0.912501,-12.615761,0.35599,0.042376,0.073061
2.373000144958496,-3.961276,-0.912501,-12.615761,0.35599,0.042376,0.073061
2.373000144958496,-3.961276,-0.912501,-12.615761,0.35599,0.042376,0.073061
2.373000144958496,-3.961276,-0.912501,-12.615761,0.35599,0.042376,0.073061
2.373000144958496,-3.961276,-0.912501,-12.615761,0.35599,0.042376,0.073061
2.373000144958496,-3.961276,-0.912501,-12.615761,0.35599,0.042376,0.073061
2.373000144958496,-3.961276,-0.912501,-12.615761,0.35599,0.042376,0.073061
2.373000144958496,-3.961276,-0.912501,-12.615761,0.35599,0.042376,0.073061
2.373000144958496,-3.961276,-0.912501,-12.615761,0.35599,0.042376,0.073061
2.373000144958496,-3.961276,-0.912501,-12.615761,0.35599,0.042376,0.073061
2.373000144958496,-3.961276,-0.912501,-12.615761,0.35599,0.042376,0.073061
2.373000144958496,-3.961276,-0.912501,-12.615761,0.35599,0.042376,0.073061
2.373000144958496,-3.961276,-0.912501,-12.615761,0.35599,0.042376,0.073061
2.373000144958496,-3.961276,-0.912501,-12.615761,0.35599,0.042376,0.073061
2.373000144958496,-3.961276,-0.912501,-12.615761,0.35599,0.042376,0.073061
2.373000144958496,-3.961276,-0.912501,-12.615761,0.35599,0.042376,0.073061
2.373000144958496,-3.961276,-0.912501,-12.615761,0.35599,0.042376,0.073061
2.373000144958496,-3.961276,-0.912501,-12.615761,0.35599,0.042376,0.073061
2.373000144958496,-3.961276,-0.912501,-12.615761,0.35599,0.042376,0.073061
2.373000144958496,-3.961276,-0.912501,-12.615761,0.35599,0.042376,0.073061
2.373000144958496,-3.961276,-0.912501,-12.615761,0.35599,0.042376,0.073061
2.373000144958496,-3.961276,-0.912501,-12.615761,0.35599,0.042376,0.073061
2.373000144958496,-3.961276,-0.912501,-12.615761,0.35599,0.042376,0.073061
2.373000144958496,-3.961276,-0.912501,-12.615761,0.35599,0.042376,0.073061
2.373000144958496,-3.961276,-0.912501,-12.615761,0.35599,0.042376,0.073061
2.373000144958496,-3.961276,-0.912501,-12.615761,0.35599,0.042376,0.073061
2.373000144958496,-3.961276,-0.912501,-12.615761,0.35599,0.042376,0.073061
2.373000144958496,-3.961276,-0.912501,-12.615761,0.35599,0.042376,0.073061
2.373000144958496,-3.961276,-0.912501,-12.615761,0.35599,0.042376,0.073061
2.373000144958496,-3.961276,-0.912501,-12.615761,0.35599,0.042376,0.073061
2.373000144958496,-3.961276,-0.912501,-12.615761,0.35599,0.042376,0.073061
2.373000144958496,-3.961276,-0.912501,-12.615761,0.35599,0.042376,0.073061
2.373000144958496,-3.961276,-0.912501,-12.615761,0.35599,0.042376,0.073061
2.373000144958496,-3.961276,-0.912501,-12.615761,0.35599,0.042376,0.073061
2.373000144958496,-3.961276,-0.912501,-12.615761,0.35599,0.042376,0.073061
2.373000144958496,-3.961276,-0.912501,-12.615761,0.35599,0.042376,0.073061
2.373000144958496,-3.961276,-0.912501,-12.615761,0.35599,0.042376,0.073061
2.373000144958496,-3.961276,-0.912501,-12.615761,0.35599,0.042376,0.073061
2.373000144958496,-3.961276,-0.912501,-12.615761,0.35599,0.042376,0.073061
2.373000144958496,-3.961276,-0.912501,-12.615761,0.35599,0.042376,0.073061
2.373000144958496,-3.961276,-0.912501,-12.615761,0.35599,0.042376,0.073061
2.373000144958496,-3.961276,-0.912501,-12.615761,0.35599,0.042376,0.073061
2.373000144958496,-3.961276,-0.912501,-12.615761,0.35599,0.042376,0.073061
2.373000144958496,-3.961276,-0.912501,-12.615761,0.35599,0.042376,0.073061
2.373000144958496,-3.961276,-0.912501,-12.615761,0.35599,0.042376,0.073061
2.373000144958496,-3.961276,-0.912501,-12.615761,0.35599,0.042376,0.073061
2.373000144958496,-3.961276,-0.912501,-12.615761,0.35599,0.042376,0.073061
2.373000144958496,-3.961276,-0.912501,-12.615761,0.35599,0.042376,0.073061
2.373000144958496,-3.961276,-0.912501,-12.615761,0.35599,0.042376,0.073061
2.373000144958496,-3.961276,-0.912501,-12.615761,0.35599,0.042376,0.073061
2.373000144958496,-3.961276,-0.912501,-12.615761,0.35599,0.042376,0.073061
2.373000144958496,-3.961276,-0.912501,-12.615761,0.35599,0.042376,0.073061
2.373000144958496,-3.961276,-0.912501,-12.615761,0.35599,0.042376,0.073061
2.373000144958496,-3.961276,-0.912501,-12.615761,0.35599,0.042376,0.073061
2.373000144958496,-3.961276,-0.912501,-12.615761,0.35599,0.042376,0.073061
2.373000144958496,-3.961276,-0.912501,-12.615761,0.35599,0.042376,0.073061
2.373000144958496,-3.961276,-0.912501,-12.615761,0.35599,0.042376,0.073061
2.373000144958496,-3.961276,-0.912501,-12.615761,0.35599,0.042376,0.073061
2.373000144958496,-3.961276,-0.912501,-12.615761,0.35599,0.042376,0.073061
2.373000144958496,-3.961276,-0.912501,-12.615761,0.35599,0.042376,0.073061
2.373000144958496,-3.961276,-0.912501,-12.615761,0.35599,0.042376,0.073061
2.373000144958496,-3.961276,-0.912501,-12.615761,0.35599,0.042376,0.073061
2.373000144958496,-3.961276,-0.912501,-12.615761,0.35599,0.042376,0.073061
2.373000144958496,-3.961276,-0.912501,-12.615761,0.35599,0.042376,0.073061
